1
hips
28: (1.2, 0.9, -0.4)
28.1: (1.2, 0.9, -0.4)
28.2: (1.2, 0.9, -0.4)
28.3: (1.2, 0.9, -0.4)
28.4: (1.2, 0.9, -0.4)
28.5: (1.2, 0.9, -0.4)
28.6: (1.2, 0.9, -0.4)
28.7: (1.2, 0.9, -0.4)
28.8: (1.2, 0.9, -0.5)
28.9: (1.2, 0.9, -0.5)
29: (1.2, 0.9, -0.5)
29.1: (1.2, 0.9, -0.5)
29.2: (1.2, 0.9, -0.6)
29.3: (1.2, 0.9, -0.6)
29.40001: (1.2, 0.9, -0.6)
29.50001: (1.2, 0.9, -0.6)
29.60001: (1.2, 0.9, -0.6)
29.70001: (1.2, 0.9, -0.6)
29.80001: (1.2, 0.9, -0.6)
29.90001: (1.2, 0.9, -0.6)
30.00001: (1.2, 0.9, -0.6)
30.10001: (1.2, 0.9, -0.5)
30.20001: (1.2, 0.9, -0.5)
30.30001: (1.2, 0.9, -0.5)
30.40001: (1.2, 0.9, -0.5)
30.50001: (1.2, 0.9, -0.5)
30.60001: (1.2, 0.9, -0.5)
30.70001: (1.2, 0.9, -0.5)
30.80001: (1.2, 0.9, -0.5)
30.90001: (1.2, 0.9, -0.5)
31.00001: (1.2, 0.9, -0.5)
31.10001: (1.2, 0.9, -0.5)
31.20001: (1.2, 0.9, -0.5)
31.30001: (1.2, 0.9, -0.5)
31.40001: (1.2, 0.9, -0.5)
31.50001: (1.2, 0.9, -0.5)
31.60001: (1.2, 0.9, -0.5)
31.70001: (1.2, 0.9, -0.5)
31.80001: (1.2, 0.9, -0.5)
31.90001: (1.2, 0.9, -0.5)
32.00002: (1.2, 0.9, -0.5)
32.10001: (1.2, 0.9, -0.5)
32.20001: (1.2, 0.9, -0.5)
32.30001: (1.2, 0.9, -0.4)
32.40001: (1.2, 0.9, -0.4)
32.50001: (1.2, 0.9, -0.4)
32.60001: (1.2, 0.9, -0.4)
32.7: (1.2, 0.9, -0.3)
32.8: (1.2, 0.9, -0.3)
32.9: (1.2, 0.9, -0.2)
33: (1.2, 0.9, -0.2)
33.1: (1.1, 0.9, -0.2)
33.2: (1.1, 0.9, -0.1)
33.3: (1.1, 0.9, -0.1)
33.39999: (1.1, 0.9, -0.1)
33.49999: (1.1, 0.9, -0.1)
33.59999: (1.1, 0.9, -0.1)
33.69999: (1.1, 0.9, -0.1)
33.79999: (1.1, 0.9, -0.1)
33.89999: (1.1, 0.9, -0.1)
33.99998: (1.1, 0.9, -0.1)
34.09998: (1.1, 0.9, -0.1)
34.19998: (1.1, 0.9, -0.1)
34.29998: (1.1, 0.9, -0.1)
34.39998: (1.1, 0.9, -0.1)
34.49998: (1.1, 0.9, -0.1)
34.59998: (1.1, 0.9, -0.1)
34.69997: (1.1, 0.9, -0.1)
34.79997: (1.2, 0.9, -0.1)
34.89997: (1.2, 0.9, -0.1)
34.99997: (1.2, 0.9, -0.1)
35.09997: (1.2, 0.9, -0.1)
35.19997: (1.2, 0.9, -0.1)
35.29996: (1.2, 0.9, -0.1)
35.39996: (1.2, 0.9, -0.1)
35.49996: (1.2, 0.9, -0.1)
35.59996: (1.2, 0.9, -0.1)
35.69996: (1.2, 0.9, -0.1)
35.79996: (1.2, 0.9, -0.1)
2
leftUpLeg
28: (1.1, 0.9, -0.4)
28.1: (1.1, 0.9, -0.4)
28.2: (1.1, 0.9, -0.4)
28.3: (1.1, 0.9, -0.4)
28.4: (1.1, 0.9, -0.4)
28.5: (1.1, 0.9, -0.4)
28.6: (1.1, 0.9, -0.5)
28.7: (1.1, 0.9, -0.5)
28.8: (1.1, 0.9, -0.5)
28.9: (1.1, 0.9, -0.5)
29: (1.1, 0.9, -0.5)
29.1: (1.1, 0.9, -0.6)
29.2: (1.1, 0.9, -0.6)
29.3: (1.1, 0.9, -0.6)
29.40001: (1.1, 0.9, -0.6)
29.50001: (1.1, 0.9, -0.6)
29.60001: (1.1, 0.9, -0.6)
29.70001: (1.1, 0.9, -0.6)
29.80001: (1.1, 0.9, -0.6)
29.90001: (1.1, 0.9, -0.6)
30.00001: (1.1, 0.9, -0.6)
30.10001: (1.1, 0.9, -0.6)
30.20001: (1.1, 0.9, -0.6)
30.30001: (1.1, 0.9, -0.6)
30.40001: (1.1, 0.9, -0.6)
30.50001: (1.1, 0.9, -0.6)
30.60001: (1.1, 0.9, -0.6)
30.70001: (1.1, 0.9, -0.5)
30.80001: (1.1, 0.9, -0.5)
30.90001: (1.1, 0.9, -0.5)
31.00001: (1.1, 0.9, -0.5)
31.10001: (1.1, 0.9, -0.5)
31.20001: (1.1, 0.9, -0.5)
31.30001: (1.1, 0.9, -0.5)
31.40001: (1.1, 0.9, -0.5)
31.50001: (1.1, 0.9, -0.5)
31.60001: (1.1, 0.9, -0.5)
31.70001: (1.1, 0.9, -0.5)
31.80001: (1.1, 0.9, -0.5)
31.90001: (1.1, 0.9, -0.5)
32.00002: (1.1, 0.9, -0.5)
32.10001: (1.1, 0.9, -0.4)
32.20001: (1.1, 0.9, -0.4)
32.30001: (1.1, 0.9, -0.4)
32.40001: (1.1, 0.9, -0.4)
32.50001: (1.1, 0.9, -0.3)
32.60001: (1.1, 0.9, -0.3)
32.7: (1.1, 0.9, -0.3)
32.8: (1.1, 0.9, -0.2)
32.9: (1.1, 0.9, -0.2)
33: (1.1, 0.9, -0.1)
33.1: (1.1, 0.9, -0.1)
33.2: (1.1, 0.9, -0.1)
33.3: (1.1, 0.9, -0.1)
33.39999: (1.1, 0.9, -0.1)
33.49999: (1.1, 0.9, -0.1)
33.59999: (1.1, 0.9, -0.1)
33.69999: (1.1, 0.9, -0.1)
33.79999: (1.1, 0.9, -0.1)
33.89999: (1.1, 0.9, -0.1)
33.99998: (1.1, 0.9, -0.1)
34.09998: (1.1, 0.9, -0.1)
34.19998: (1.1, 0.9, -0.1)
34.29998: (1.1, 0.9, -0.1)
34.39998: (1.1, 0.9, -0.1)
34.49998: (1.1, 0.9, -0.1)
34.59998: (1.1, 0.9, -0.1)
34.69997: (1.1, 0.9, -0.1)
34.79997: (1.1, 0.9, -0.1)
34.89997: (1.1, 0.9, -0.1)
34.99997: (1.1, 0.9, -0.1)
35.09997: (1.1, 0.9, -0.1)
35.19997: (1.1, 0.9, -0.1)
35.29996: (1.1, 0.9, -0.1)
35.39996: (1.1, 0.9, -0.1)
35.49996: (1.1, 0.9, -0.1)
35.59996: (1.1, 0.9, -0.1)
35.69996: (1.1, 0.9, -0.1)
35.79996: (1.1, 0.9, -0.1)
3
leftLeg
28: (1.1, 0.5, -0.5)
28.1: (1.1, 0.5, -0.5)
28.2: (1.1, 0.5, -0.5)
28.3: (1.1, 0.5, -0.5)
28.4: (1.1, 0.5, -0.5)
28.5: (1.1, 0.5, -0.5)
28.6: (1.1, 0.5, -0.5)
28.7: (1.1, 0.5, -0.5)
28.8: (1.1, 0.5, -0.6)
28.9: (1.1, 0.5, -0.6)
29: (1.1, 0.5, -0.6)
29.1: (1.1, 0.5, -0.6)
29.2: (1.1, 0.5, -0.6)
29.3: (1.1, 0.5, -0.6)
29.40001: (1.1, 0.5, -0.6)
29.50001: (1.1, 0.5, -0.6)
29.60001: (1.1, 0.5, -0.6)
29.70001: (1.1, 0.5, -0.6)
29.80001: (1.1, 0.5, -0.6)
29.90001: (1.1, 0.5, -0.6)
30.00001: (1.1, 0.5, -0.6)
30.10001: (1.1, 0.5, -0.6)
30.20001: (1.1, 0.5, -0.6)
30.30001: (1.1, 0.5, -0.6)
30.40001: (1.1, 0.5, -0.6)
30.50001: (1.1, 0.5, -0.6)
30.60001: (1.1, 0.5, -0.6)
30.70001: (1.1, 0.5, -0.6)
30.80001: (1.1, 0.5, -0.6)
30.90001: (1.1, 0.5, -0.6)
31.00001: (1.1, 0.5, -0.6)
31.10001: (1.1, 0.5, -0.6)
31.20001: (1.1, 0.5, -0.6)
31.30001: (1.1, 0.5, -0.6)
31.40001: (1.1, 0.5, -0.6)
31.50001: (1.1, 0.5, -0.6)
31.60001: (1.1, 0.5, -0.6)
31.70001: (1.1, 0.5, -0.5)
31.80001: (1.0, 0.5, -0.5)
31.90001: (1.0, 0.5, -0.4)
32.00002: (1.0, 0.5, -0.4)
32.10001: (1.0, 0.5, -0.3)
32.20001: (1.1, 0.5, -0.3)
32.30001: (1.1, 0.5, -0.3)
32.40001: (1.1, 0.5, -0.2)
32.50001: (1.1, 0.5, -0.2)
32.60001: (1.1, 0.5, -0.2)
32.7: (1.1, 0.5, -0.2)
32.8: (1.1, 0.5, -0.1)
32.9: (1.1, 0.5, -0.1)
33: (1.1, 0.5, -0.1)
33.1: (1.1, 0.5, -0.1)
33.2: (1.1, 0.5, -0.1)
33.3: (1.1, 0.5, -0.1)
33.39999: (1.1, 0.5, -0.1)
33.49999: (1.1, 0.5, -0.1)
33.59999: (1.1, 0.5, -0.1)
33.69999: (1.1, 0.5, -0.1)
33.79999: (1.1, 0.5, -0.1)
33.89999: (1.1, 0.5, -0.1)
33.99998: (1.1, 0.5, -0.1)
34.09998: (1.1, 0.5, -0.1)
34.19998: (1.1, 0.5, -0.1)
34.29998: (1.1, 0.5, -0.1)
34.39998: (1.1, 0.5, -0.1)
34.49998: (1.1, 0.5, 0.0)
34.59998: (1.1, 0.5, 0.0)
34.69997: (1.1, 0.5, 0.0)
34.79997: (1.1, 0.5, 0.0)
34.89997: (1.1, 0.5, 0.0)
34.99997: (1.1, 0.5, 0.0)
35.09997: (1.1, 0.5, 0.0)
35.19997: (1.1, 0.5, 0.0)
35.29996: (1.1, 0.5, 0.0)
35.39996: (1.1, 0.5, 0.0)
35.49996: (1.1, 0.5, 0.0)
35.59996: (1.1, 0.5, 0.0)
35.69996: (1.1, 0.5, 0.0)
35.79996: (1.1, 0.5, 0.0)
4
leftFoot
28: (1.1, 0.1, -0.6)
28.1: (1.2, 0.1, -0.7)
28.2: (1.2, 0.1, -0.7)
28.3: (1.2, 0.1, -0.6)
28.4: (1.2, 0.1, -0.6)
28.5: (1.2, 0.1, -0.6)
28.6: (1.2, 0.1, -0.6)
28.7: (1.2, 0.1, -0.6)
28.8: (1.2, 0.1, -0.6)
28.9: (1.2, 0.1, -0.6)
29: (1.2, 0.1, -0.6)
29.1: (1.2, 0.1, -0.6)
29.2: (1.2, 0.1, -0.6)
29.3: (1.2, 0.1, -0.7)
29.40001: (1.2, 0.1, -0.7)
29.50001: (1.2, 0.1, -0.6)
29.60001: (1.2, 0.1, -0.6)
29.70001: (1.2, 0.1, -0.6)
29.80001: (1.2, 0.1, -0.6)
29.90001: (1.2, 0.1, -0.7)
30.00001: (1.2, 0.1, -0.7)
30.10001: (1.2, 0.1, -0.6)
30.20001: (1.2, 0.1, -0.6)
30.30001: (1.2, 0.1, -0.7)
30.40001: (1.2, 0.1, -0.7)
30.50001: (1.2, 0.1, -0.6)
30.60001: (1.2, 0.1, -0.6)
30.70001: (1.2, 0.1, -0.6)
30.80001: (1.2, 0.1, -0.6)
30.90001: (1.2, 0.1, -0.6)
31.00001: (1.2, 0.1, -0.6)
31.10001: (1.2, 0.1, -0.7)
31.20001: (1.2, 0.1, -0.7)
31.30001: (1.2, 0.1, -0.6)
31.40001: (1.2, 0.1, -0.6)
31.50001: (1.2, 0.1, -0.7)
31.60001: (1.2, 0.1, -0.7)
31.70001: (1.2, 0.1, -0.7)
31.80001: (1.1, 0.2, -0.7)
31.90001: (1.1, 0.2, -0.6)
32.00002: (1.0, 0.1, -0.5)
32.10001: (1.1, 0.1, -0.4)
32.20001: (1.1, 0.1, -0.2)
32.30001: (1.1, 0.1, -0.2)
32.40001: (1.1, 0.1, -0.1)
32.50001: (1.2, 0.1, -0.1)
32.60001: (1.2, 0.1, -0.1)
32.7: (1.2, 0.1, -0.1)
32.8: (1.2, 0.1, -0.1)
32.9: (1.2, 0.1, -0.1)
33: (1.2, 0.1, -0.1)
33.1: (1.2, 0.1, -0.1)
33.2: (1.2, 0.1, -0.1)
33.3: (1.2, 0.1, -0.1)
33.39999: (1.2, 0.1, -0.1)
33.49999: (1.2, 0.1, -0.1)
33.59999: (1.2, 0.1, -0.1)
33.69999: (1.2, 0.1, -0.1)
33.79999: (1.2, 0.1, -0.1)
33.89999: (1.2, 0.1, -0.1)
33.99998: (1.2, 0.1, -0.1)
34.09998: (1.2, 0.1, -0.1)
34.19998: (1.2, 0.1, -0.1)
34.29998: (1.2, 0.1, -0.1)
34.39998: (1.2, 0.1, -0.1)
34.49998: (1.2, 0.1, -0.1)
34.59998: (1.2, 0.1, -0.1)
34.69997: (1.2, 0.1, -0.1)
34.79997: (1.2, 0.1, -0.1)
34.89997: (1.2, 0.1, -0.1)
34.99997: (1.2, 0.1, -0.1)
35.09997: (1.2, 0.1, -0.1)
35.19997: (1.2, 0.1, -0.1)
35.29996: (1.2, 0.1, -0.1)
35.39996: (1.2, 0.1, -0.1)
35.49996: (1.2, 0.1, -0.1)
35.59996: (1.2, 0.1, -0.1)
35.69996: (1.2, 0.1, -0.1)
35.79996: (1.2, 0.1, -0.1)
5
leftToeBase
28: (1.0, 0.1, -0.5)
28.1: (1.0, 0.1, -0.6)
28.2: (1.0, 0.1, -0.6)
28.3: (1.0, 0.1, -0.6)
28.4: (1.0, 0.1, -0.6)
28.5: (1.0, 0.1, -0.6)
28.6: (1.1, 0.1, -0.6)
28.7: (1.1, 0.1, -0.6)
28.8: (1.1, 0.1, -0.6)
28.9: (1.1, 0.1, -0.6)
29: (1.1, 0.1, -0.6)
29.1: (1.1, 0.1, -0.6)
29.2: (1.1, 0.1, -0.6)
29.3: (1.1, 0.1, -0.6)
29.40001: (1.1, 0.1, -0.6)
29.50001: (1.1, 0.1, -0.6)
29.60001: (1.1, 0.1, -0.6)
29.70001: (1.1, 0.1, -0.6)
29.80001: (1.1, 0.1, -0.6)
29.90001: (1.1, 0.1, -0.6)
30.00001: (1.1, 0.1, -0.6)
30.10001: (1.1, 0.1, -0.6)
30.20001: (1.1, 0.1, -0.6)
30.30001: (1.1, 0.1, -0.6)
30.40001: (1.1, 0.1, -0.6)
30.50001: (1.1, 0.1, -0.6)
30.60001: (1.1, 0.1, -0.6)
30.70001: (1.1, 0.1, -0.6)
30.80001: (1.1, 0.1, -0.6)
30.90001: (1.1, 0.1, -0.6)
31.00001: (1.1, 0.1, -0.6)
31.10001: (1.1, 0.1, -0.6)
31.20001: (1.1, 0.1, -0.6)
31.30001: (1.0, 0.1, -0.6)
31.40001: (1.0, 0.1, -0.6)
31.50001: (1.0, 0.1, -0.6)
31.60001: (1.0, 0.1, -0.6)
31.70001: (1.0, 0.1, -0.6)
31.80001: (1.0, 0.1, -0.6)
31.90001: (1.0, 0.1, -0.5)
32.00002: (1.0, 0.1, -0.4)
32.10001: (1.0, 0.1, -0.2)
32.20001: (1.0, 0.1, -0.1)
32.30001: (1.0, 0.1, 0.0)
32.40001: (1.1, 0.1, 0.0)
32.50001: (1.1, 0.1, 0.0)
32.60001: (1.1, 0.1, 0.0)
32.7: (1.1, 0.1, 0.0)
32.8: (1.1, 0.1, 0.0)
32.9: (1.1, 0.1, 0.1)
33: (1.1, 0.1, 0.0)
33.1: (1.1, 0.1, 0.0)
33.2: (1.1, 0.1, 0.1)
33.3: (1.1, 0.1, 0.0)
33.39999: (1.1, 0.1, 0.0)
33.49999: (1.1, 0.1, 0.0)
33.59999: (1.1, 0.1, 0.1)
33.69999: (1.1, 0.1, 0.1)
33.79999: (1.1, 0.1, 0.1)
33.89999: (1.1, 0.1, 0.1)
33.99998: (1.1, 0.1, 0.1)
34.09998: (1.1, 0.1, 0.1)
34.19998: (1.1, 0.1, 0.1)
34.29998: (1.1, 0.1, 0.1)
34.39998: (1.1, 0.1, 0.1)
34.49998: (1.1, 0.1, 0.1)
34.59998: (1.1, 0.1, 0.1)
34.69997: (1.1, 0.1, 0.1)
34.79997: (1.1, 0.1, 0.1)
34.89997: (1.1, 0.1, 0.1)
34.99997: (1.1, 0.1, 0.1)
35.09997: (1.1, 0.1, 0.1)
35.19997: (1.1, 0.1, 0.1)
35.29996: (1.1, 0.1, 0.1)
35.39996: (1.1, 0.1, 0.1)
35.49996: (1.1, 0.1, 0.1)
35.59996: (1.1, 0.1, 0.1)
35.69996: (1.1, 0.1, 0.1)
35.79996: (1.1, 0.1, 0.1)
6
rightUpLeg
28: (1.3, 0.9, -0.3)
28.1: (1.3, 0.9, -0.3)
28.2: (1.3, 0.9, -0.3)
28.3: (1.3, 0.9, -0.3)
28.4: (1.3, 0.9, -0.4)
28.5: (1.3, 0.9, -0.4)
28.6: (1.3, 0.9, -0.4)
28.7: (1.3, 0.9, -0.4)
28.8: (1.3, 0.9, -0.4)
28.9: (1.3, 0.9, -0.5)
29: (1.3, 0.9, -0.5)
29.1: (1.3, 0.9, -0.5)
29.2: (1.3, 0.9, -0.5)
29.3: (1.3, 0.9, -0.6)
29.40001: (1.3, 0.9, -0.6)
29.50001: (1.3, 0.9, -0.6)
29.60001: (1.3, 0.9, -0.6)
29.70001: (1.3, 0.9, -0.6)
29.80001: (1.3, 0.9, -0.5)
29.90001: (1.3, 0.9, -0.5)
30.00001: (1.3, 0.9, -0.5)
30.10001: (1.3, 0.9, -0.5)
30.20001: (1.3, 0.9, -0.5)
30.30001: (1.3, 0.9, -0.5)
30.40001: (1.3, 0.9, -0.5)
30.50001: (1.3, 0.9, -0.5)
30.60001: (1.3, 0.9, -0.5)
30.70001: (1.3, 0.9, -0.5)
30.80001: (1.3, 0.9, -0.5)
30.90001: (1.3, 0.9, -0.5)
31.00001: (1.3, 0.9, -0.5)
31.10001: (1.3, 0.9, -0.5)
31.20001: (1.3, 0.9, -0.5)
31.30001: (1.3, 0.9, -0.5)
31.40001: (1.3, 0.9, -0.5)
31.50001: (1.3, 0.9, -0.5)
31.60001: (1.3, 0.9, -0.5)
31.70001: (1.3, 0.9, -0.5)
31.80001: (1.3, 0.9, -0.5)
31.90001: (1.3, 0.9, -0.5)
32.00002: (1.3, 0.9, -0.5)
32.10001: (1.3, 0.9, -0.5)
32.20001: (1.3, 0.9, -0.5)
32.30001: (1.3, 0.9, -0.5)
32.40001: (1.3, 0.9, -0.5)
32.50001: (1.3, 0.9, -0.4)
32.60001: (1.3, 0.9, -0.4)
32.7: (1.3, 0.9, -0.4)
32.8: (1.3, 0.9, -0.3)
32.9: (1.2, 0.9, -0.3)
33: (1.2, 0.9, -0.2)
33.1: (1.2, 0.9, -0.2)
33.2: (1.2, 0.9, -0.2)
33.3: (1.2, 0.9, -0.2)
33.39999: (1.2, 0.9, -0.2)
33.49999: (1.2, 0.9, -0.2)
33.59999: (1.2, 0.9, -0.2)
33.69999: (1.2, 0.9, -0.2)
33.79999: (1.2, 0.9, -0.2)
33.89999: (1.2, 0.9, -0.2)
33.99998: (1.2, 0.9, -0.2)
34.09998: (1.2, 0.9, -0.2)
34.19998: (1.2, 0.9, -0.2)
34.29998: (1.2, 0.9, -0.2)
34.39998: (1.2, 0.9, -0.2)
34.49998: (1.2, 0.9, -0.2)
34.59998: (1.2, 0.9, -0.2)
34.69997: (1.2, 0.9, -0.2)
34.79997: (1.2, 0.9, -0.2)
34.89997: (1.2, 0.9, -0.2)
34.99997: (1.2, 0.9, -0.2)
35.09997: (1.2, 0.9, -0.2)
35.19997: (1.2, 0.9, -0.2)
35.29996: (1.2, 0.9, -0.2)
35.39996: (1.2, 0.9, -0.2)
35.49996: (1.2, 0.9, -0.2)
35.59996: (1.2, 0.9, -0.2)
35.69996: (1.2, 0.9, -0.2)
35.79996: (1.2, 0.9, -0.2)
7
rightLeg
28: (1.2, 0.5, -0.3)
28.1: (1.2, 0.5, -0.3)
28.2: (1.2, 0.5, -0.3)
28.3: (1.2, 0.5, -0.3)
28.4: (1.2, 0.5, -0.3)
28.5: (1.2, 0.5, -0.4)
28.6: (1.2, 0.5, -0.4)
28.7: (1.2, 0.5, -0.4)
28.8: (1.2, 0.5, -0.4)
28.9: (1.2, 0.5, -0.4)
29: (1.2, 0.5, -0.4)
29.1: (1.2, 0.5, -0.4)
29.2: (1.2, 0.5, -0.4)
29.3: (1.2, 0.5, -0.5)
29.40001: (1.2, 0.5, -0.5)
29.50001: (1.2, 0.5, -0.5)
29.60001: (1.2, 0.5, -0.5)
29.70001: (1.2, 0.5, -0.5)
29.80001: (1.2, 0.5, -0.5)
29.90001: (1.2, 0.5, -0.5)
30.00001: (1.2, 0.5, -0.5)
30.10001: (1.2, 0.5, -0.5)
30.20001: (1.2, 0.5, -0.5)
30.30001: (1.2, 0.5, -0.5)
30.40001: (1.2, 0.5, -0.5)
30.50001: (1.2, 0.5, -0.5)
30.60001: (1.2, 0.5, -0.5)
30.70001: (1.2, 0.5, -0.5)
30.80001: (1.2, 0.5, -0.5)
30.90001: (1.2, 0.5, -0.5)
31.00001: (1.2, 0.5, -0.5)
31.10001: (1.2, 0.5, -0.5)
31.20001: (1.2, 0.5, -0.5)
31.30001: (1.2, 0.5, -0.5)
31.40001: (1.2, 0.5, -0.5)
31.50001: (1.2, 0.5, -0.5)
31.60001: (1.2, 0.5, -0.5)
31.70001: (1.2, 0.5, -0.5)
31.80001: (1.2, 0.5, -0.5)
31.90001: (1.2, 0.5, -0.5)
32.00002: (1.2, 0.5, -0.5)
32.10001: (1.2, 0.5, -0.5)
32.20001: (1.3, 0.5, -0.5)
32.30001: (1.3, 0.5, -0.5)
32.40001: (1.3, 0.5, -0.5)
32.50001: (1.3, 0.5, -0.4)
32.60001: (1.3, 0.5, -0.4)
32.7: (1.2, 0.5, -0.4)
32.8: (1.2, 0.5, -0.4)
32.9: (1.2, 0.5, -0.3)
33: (1.2, 0.5, -0.3)
33.1: (1.2, 0.5, -0.2)
33.2: (1.2, 0.5, -0.2)
33.3: (1.2, 0.5, -0.2)
33.39999: (1.2, 0.5, -0.2)
33.49999: (1.2, 0.5, -0.2)
33.59999: (1.2, 0.5, -0.2)
33.69999: (1.2, 0.5, -0.2)
33.79999: (1.2, 0.5, -0.2)
33.89999: (1.2, 0.5, -0.2)
33.99998: (1.2, 0.5, -0.2)
34.09998: (1.2, 0.5, -0.2)
34.19998: (1.2, 0.5, -0.2)
34.29998: (1.2, 0.5, -0.2)
34.39998: (1.2, 0.5, -0.2)
34.49998: (1.2, 0.5, -0.2)
34.59998: (1.2, 0.5, -0.2)
34.69997: (1.2, 0.5, -0.2)
34.79997: (1.2, 0.5, -0.2)
34.89997: (1.2, 0.5, -0.2)
34.99997: (1.2, 0.5, -0.2)
35.09997: (1.2, 0.5, -0.2)
35.19997: (1.2, 0.5, -0.2)
35.29996: (1.2, 0.5, -0.2)
35.39996: (1.2, 0.5, -0.2)
35.49996: (1.2, 0.5, -0.2)
35.59996: (1.2, 0.5, -0.2)
35.69996: (1.2, 0.5, -0.2)
35.79996: (1.2, 0.5, -0.2)
8
rightFoot
28: (1.2, 0.1, -0.4)
28.1: (1.2, 0.1, -0.4)
28.2: (1.2, 0.1, -0.4)
28.3: (1.2, 0.1, -0.4)
28.4: (1.2, 0.1, -0.4)
28.5: (1.2, 0.1, -0.4)
28.6: (1.2, 0.1, -0.4)
28.7: (1.2, 0.1, -0.4)
28.8: (1.2, 0.1, -0.4)
28.9: (1.2, 0.1, -0.4)
29: (1.2, 0.1, -0.4)
29.1: (1.2, 0.1, -0.4)
29.2: (1.2, 0.1, -0.4)
29.3: (1.2, 0.1, -0.5)
29.40001: (1.2, 0.1, -0.5)
29.50001: (1.2, 0.1, -0.5)
29.60001: (1.2, 0.1, -0.5)
29.70001: (1.2, 0.1, -0.5)
29.80001: (1.2, 0.1, -0.5)
29.90001: (1.2, 0.1, -0.5)
30.00001: (1.2, 0.1, -0.5)
30.10001: (1.2, 0.1, -0.5)
30.20001: (1.2, 0.1, -0.5)
30.30001: (1.2, 0.1, -0.5)
30.40001: (1.2, 0.1, -0.5)
30.50001: (1.2, 0.1, -0.5)
30.60001: (1.2, 0.1, -0.5)
30.70001: (1.2, 0.1, -0.5)
30.80001: (1.2, 0.1, -0.5)
30.90001: (1.2, 0.1, -0.5)
31.00001: (1.2, 0.1, -0.5)
31.10001: (1.2, 0.1, -0.5)
31.20001: (1.2, 0.1, -0.5)
31.30001: (1.2, 0.1, -0.5)
31.40001: (1.2, 0.1, -0.5)
31.50001: (1.2, 0.1, -0.5)
31.60001: (1.2, 0.1, -0.5)
31.70001: (1.2, 0.1, -0.5)
31.80001: (1.2, 0.1, -0.5)
31.90001: (1.2, 0.1, -0.5)
32.00002: (1.2, 0.1, -0.5)
32.10001: (1.2, 0.1, -0.5)
32.20001: (1.2, 0.1, -0.5)
32.30001: (1.2, 0.1, -0.5)
32.40001: (1.2, 0.1, -0.5)
32.50001: (1.2, 0.1, -0.5)
32.60001: (1.2, 0.1, -0.5)
32.7: (1.2, 0.1, -0.5)
32.8: (1.1, 0.1, -0.5)
32.9: (1.1, 0.1, -0.5)
33: (1.1, 0.1, -0.4)
33.1: (1.1, 0.1, -0.3)
33.2: (1.1, 0.1, -0.2)
33.3: (1.1, 0.1, -0.2)
33.39999: (1.1, 0.1, -0.2)
33.49999: (1.1, 0.1, -0.2)
33.59999: (1.1, 0.1, -0.2)
33.69999: (1.1, 0.1, -0.2)
33.79999: (1.1, 0.1, -0.2)
33.89999: (1.1, 0.1, -0.2)
33.99998: (1.1, 0.1, -0.2)
34.09998: (1.1, 0.1, -0.2)
34.19998: (1.1, 0.1, -0.2)
34.29998: (1.1, 0.1, -0.2)
34.39998: (1.1, 0.1, -0.2)
34.49998: (1.1, 0.1, -0.2)
34.59998: (1.1, 0.1, -0.2)
34.69997: (1.1, 0.1, -0.2)
34.79997: (1.1, 0.1, -0.2)
34.89997: (1.1, 0.1, -0.2)
34.99997: (1.1, 0.1, -0.2)
35.09997: (1.1, 0.1, -0.2)
35.19997: (1.1, 0.1, -0.2)
35.29996: (1.1, 0.1, -0.2)
35.39996: (1.1, 0.1, -0.2)
35.49996: (1.1, 0.1, -0.2)
35.59996: (1.1, 0.1, -0.2)
35.69996: (1.1, 0.1, -0.2)
35.79996: (1.1, 0.1, -0.2)
9
rightToeBase
28: (1.2, 0.1, -0.3)
28.1: (1.2, 0.1, -0.3)
28.2: (1.2, 0.1, -0.3)
28.3: (1.2, 0.1, -0.3)
28.4: (1.2, 0.1, -0.3)
28.5: (1.2, 0.1, -0.3)
28.6: (1.2, 0.1, -0.3)
28.7: (1.2, 0.1, -0.3)
28.8: (1.2, 0.1, -0.3)
28.9: (1.2, 0.1, -0.3)
29: (1.2, 0.1, -0.3)
29.1: (1.2, 0.1, -0.3)
29.2: (1.2, 0.1, -0.3)
29.3: (1.2, 0.1, -0.3)
29.40001: (1.2, 0.1, -0.3)
29.50001: (1.2, 0.1, -0.4)
29.60001: (1.2, 0.1, -0.4)
29.70001: (1.2, 0.1, -0.4)
29.80001: (1.2, 0.1, -0.4)
29.90001: (1.2, 0.1, -0.4)
30.00001: (1.2, 0.1, -0.4)
30.10001: (1.2, 0.1, -0.4)
30.20001: (1.2, 0.1, -0.4)
30.30001: (1.2, 0.1, -0.4)
30.40001: (1.2, 0.1, -0.4)
30.50001: (1.2, 0.1, -0.4)
30.60001: (1.2, 0.1, -0.4)
30.70001: (1.2, 0.1, -0.4)
30.80001: (1.2, 0.1, -0.4)
30.90001: (1.2, 0.1, -0.4)
31.00001: (1.2, 0.1, -0.4)
31.10001: (1.2, 0.1, -0.4)
31.20001: (1.2, 0.1, -0.4)
31.30001: (1.2, 0.1, -0.4)
31.40001: (1.2, 0.1, -0.4)
31.50001: (1.2, 0.1, -0.4)
31.60001: (1.2, 0.1, -0.4)
31.70001: (1.2, 0.1, -0.4)
31.80001: (1.2, 0.1, -0.4)
31.90001: (1.2, 0.1, -0.4)
32.00002: (1.2, 0.1, -0.4)
32.10001: (1.2, 0.1, -0.4)
32.20001: (1.2, 0.1, -0.4)
32.30001: (1.2, 0.1, -0.4)
32.40001: (1.2, 0.1, -0.4)
32.50001: (1.2, 0.1, -0.4)
32.60001: (1.2, 0.1, -0.4)
32.7: (1.2, 0.1, -0.4)
32.8: (1.2, 0.1, -0.4)
32.9: (1.2, 0.1, -0.4)
33: (1.2, 0.1, -0.4)
33.1: (1.2, 0.1, -0.3)
33.2: (1.2, 0.1, -0.2)
33.3: (1.2, 0.1, -0.2)
33.39999: (1.2, 0.1, -0.2)
33.49999: (1.2, 0.1, -0.2)
33.59999: (1.2, 0.1, -0.2)
33.69999: (1.2, 0.1, -0.2)
33.79999: (1.2, 0.1, -0.2)
33.89999: (1.2, 0.1, -0.2)
33.99998: (1.2, 0.1, -0.2)
34.09998: (1.2, 0.1, -0.2)
34.19998: (1.2, 0.1, -0.2)
34.29998: (1.2, 0.1, -0.2)
34.39998: (1.2, 0.1, -0.2)
34.49998: (1.2, 0.1, -0.2)
34.59998: (1.2, 0.1, -0.2)
34.69997: (1.2, 0.1, -0.2)
34.79997: (1.2, 0.1, -0.2)
34.89997: (1.2, 0.1, -0.2)
34.99997: (1.2, 0.1, -0.2)
35.09997: (1.2, 0.1, -0.2)
35.19997: (1.2, 0.1, -0.2)
35.29996: (1.2, 0.1, -0.2)
35.39996: (1.2, 0.1, -0.2)
35.49996: (1.2, 0.1, -0.2)
35.59996: (1.2, 0.1, -0.2)
35.69996: (1.2, 0.1, -0.2)
35.79996: (1.2, 0.1, -0.2)
10
spine
28: (1.2, 1.0, -0.4)
28.1: (1.2, 1.0, -0.4)
28.2: (1.2, 1.0, -0.4)
28.3: (1.2, 1.0, -0.4)
28.4: (1.2, 1.0, -0.4)
28.5: (1.2, 1.0, -0.4)
28.6: (1.2, 1.0, -0.4)
28.7: (1.2, 1.0, -0.5)
28.8: (1.2, 1.0, -0.5)
28.9: (1.2, 1.0, -0.5)
29: (1.2, 1.0, -0.5)
29.1: (1.2, 1.0, -0.6)
29.2: (1.2, 1.0, -0.6)
29.3: (1.2, 1.0, -0.6)
29.40001: (1.2, 1.0, -0.6)
29.50001: (1.2, 1.0, -0.6)
29.60001: (1.2, 1.0, -0.6)
29.70001: (1.2, 1.0, -0.6)
29.80001: (1.2, 1.0, -0.6)
29.90001: (1.2, 1.0, -0.6)
30.00001: (1.2, 1.0, -0.6)
30.10001: (1.2, 1.0, -0.6)
30.20001: (1.2, 1.0, -0.6)
30.30001: (1.2, 1.0, -0.6)
30.40001: (1.2, 1.0, -0.6)
30.50001: (1.2, 1.0, -0.6)
30.60001: (1.2, 1.0, -0.6)
30.70001: (1.2, 1.0, -0.6)
30.80001: (1.2, 1.0, -0.6)
30.90001: (1.2, 1.0, -0.6)
31.00001: (1.2, 1.0, -0.6)
31.10001: (1.2, 1.0, -0.6)
31.20001: (1.2, 1.0, -0.6)
31.30001: (1.2, 1.0, -0.5)
31.40001: (1.2, 1.0, -0.5)
31.50001: (1.2, 1.0, -0.5)
31.60001: (1.2, 1.0, -0.5)
31.70001: (1.2, 1.0, -0.5)
31.80001: (1.2, 1.0, -0.5)
31.90001: (1.2, 1.0, -0.5)
32.00002: (1.2, 1.0, -0.5)
32.10001: (1.2, 1.0, -0.5)
32.20001: (1.2, 1.0, -0.5)
32.30001: (1.2, 1.0, -0.5)
32.40001: (1.2, 1.0, -0.4)
32.50001: (1.2, 1.0, -0.4)
32.60001: (1.2, 1.0, -0.4)
32.7: (1.2, 1.0, -0.3)
32.8: (1.2, 1.0, -0.3)
32.9: (1.1, 1.0, -0.2)
33: (1.1, 1.0, -0.2)
33.1: (1.1, 1.0, -0.2)
33.2: (1.1, 1.0, -0.2)
33.3: (1.1, 1.0, -0.2)
33.39999: (1.1, 1.0, -0.2)
33.49999: (1.1, 1.0, -0.2)
33.59999: (1.1, 1.0, -0.2)
33.69999: (1.1, 1.0, -0.2)
33.79999: (1.1, 1.0, -0.2)
33.89999: (1.1, 1.0, -0.2)
33.99998: (1.1, 1.0, -0.2)
34.09998: (1.1, 1.0, -0.2)
34.19998: (1.1, 1.0, -0.1)
34.29998: (1.1, 1.0, -0.1)
34.39998: (1.1, 1.0, -0.1)
34.49998: (1.1, 1.0, -0.1)
34.59998: (1.1, 1.0, -0.1)
34.69997: (1.1, 1.0, -0.1)
34.79997: (1.1, 1.0, -0.1)
34.89997: (1.1, 1.0, -0.1)
34.99997: (1.1, 1.0, -0.1)
35.09997: (1.1, 1.0, -0.1)
35.19997: (1.1, 1.0, -0.1)
35.29996: (1.1, 1.0, -0.1)
35.39996: (1.1, 1.0, -0.1)
35.49996: (1.1, 1.0, -0.1)
35.59996: (1.1, 1.0, -0.1)
35.69996: (1.1, 1.0, -0.1)
35.79996: (1.1, 1.0, -0.1)
11
spine1
28: (1.2, 1.1, -0.4)
28.1: (1.2, 1.1, -0.4)
28.2: (1.2, 1.1, -0.4)
28.3: (1.2, 1.1, -0.4)
28.4: (1.2, 1.1, -0.4)
28.5: (1.2, 1.1, -0.4)
28.6: (1.2, 1.1, -0.4)
28.7: (1.2, 1.1, -0.5)
28.8: (1.2, 1.1, -0.5)
28.9: (1.2, 1.1, -0.5)
29: (1.2, 1.1, -0.5)
29.1: (1.2, 1.1, -0.6)
29.2: (1.2, 1.1, -0.6)
29.3: (1.2, 1.1, -0.6)
29.40001: (1.2, 1.1, -0.6)
29.50001: (1.2, 1.1, -0.6)
29.60001: (1.2, 1.1, -0.6)
29.70001: (1.2, 1.1, -0.6)
29.80001: (1.2, 1.1, -0.6)
29.90001: (1.2, 1.1, -0.6)
30.00001: (1.2, 1.1, -0.6)
30.10001: (1.2, 1.1, -0.6)
30.20001: (1.2, 1.1, -0.6)
30.30001: (1.2, 1.1, -0.6)
30.40001: (1.2, 1.1, -0.6)
30.50001: (1.2, 1.1, -0.6)
30.60001: (1.2, 1.1, -0.6)
30.70001: (1.2, 1.1, -0.6)
30.80001: (1.2, 1.1, -0.6)
30.90001: (1.2, 1.1, -0.6)
31.00001: (1.2, 1.1, -0.6)
31.10001: (1.2, 1.1, -0.5)
31.20001: (1.2, 1.1, -0.5)
31.30001: (1.2, 1.1, -0.5)
31.40001: (1.2, 1.1, -0.5)
31.50001: (1.2, 1.1, -0.5)
31.60001: (1.2, 1.1, -0.5)
31.70001: (1.2, 1.1, -0.5)
31.80001: (1.2, 1.1, -0.5)
31.90001: (1.2, 1.1, -0.5)
32.00002: (1.2, 1.1, -0.5)
32.10001: (1.2, 1.1, -0.5)
32.20001: (1.2, 1.1, -0.5)
32.30001: (1.2, 1.1, -0.5)
32.40001: (1.2, 1.1, -0.5)
32.50001: (1.2, 1.1, -0.4)
32.60001: (1.2, 1.1, -0.4)
32.7: (1.2, 1.1, -0.3)
32.8: (1.2, 1.1, -0.3)
32.9: (1.1, 1.1, -0.2)
33: (1.1, 1.1, -0.2)
33.1: (1.1, 1.1, -0.2)
33.2: (1.1, 1.1, -0.2)
33.3: (1.1, 1.1, -0.2)
33.39999: (1.1, 1.1, -0.2)
33.49999: (1.1, 1.1, -0.2)
33.59999: (1.1, 1.1, -0.2)
33.69999: (1.1, 1.1, -0.2)
33.79999: (1.1, 1.1, -0.2)
33.89999: (1.1, 1.1, -0.2)
33.99998: (1.1, 1.1, -0.2)
34.09998: (1.1, 1.1, -0.2)
34.19998: (1.1, 1.1, -0.1)
34.29998: (1.1, 1.1, -0.1)
34.39998: (1.1, 1.1, -0.1)
34.49998: (1.1, 1.1, -0.1)
34.59998: (1.1, 1.1, -0.1)
34.69997: (1.1, 1.1, -0.1)
34.79997: (1.1, 1.1, -0.1)
34.89997: (1.1, 1.1, -0.1)
34.99997: (1.1, 1.1, -0.1)
35.09997: (1.2, 1.1, -0.1)
35.19997: (1.2, 1.1, -0.1)
35.29996: (1.2, 1.1, -0.1)
35.39996: (1.2, 1.1, -0.1)
35.49996: (1.2, 1.1, -0.1)
35.59996: (1.2, 1.1, -0.1)
35.69996: (1.2, 1.1, -0.1)
35.79996: (1.2, 1.1, -0.1)
12
spine2
28: (1.2, 1.2, -0.3)
28.1: (1.2, 1.2, -0.4)
28.2: (1.2, 1.2, -0.4)
28.3: (1.2, 1.2, -0.4)
28.4: (1.2, 1.2, -0.4)
28.5: (1.2, 1.2, -0.4)
28.6: (1.2, 1.2, -0.4)
28.7: (1.2, 1.2, -0.5)
28.8: (1.2, 1.2, -0.5)
28.9: (1.2, 1.2, -0.5)
29: (1.2, 1.2, -0.5)
29.1: (1.2, 1.2, -0.6)
29.2: (1.2, 1.2, -0.6)
29.3: (1.2, 1.2, -0.6)
29.40001: (1.2, 1.2, -0.6)
29.50001: (1.2, 1.2, -0.6)
29.60001: (1.2, 1.2, -0.6)
29.70001: (1.2, 1.2, -0.6)
29.80001: (1.2, 1.2, -0.6)
29.90001: (1.2, 1.2, -0.6)
30.00001: (1.2, 1.2, -0.6)
30.10001: (1.2, 1.2, -0.6)
30.20001: (1.2, 1.2, -0.6)
30.30001: (1.2, 1.2, -0.6)
30.40001: (1.2, 1.2, -0.5)
30.50001: (1.2, 1.2, -0.5)
30.60001: (1.2, 1.2, -0.5)
30.70001: (1.2, 1.2, -0.5)
30.80001: (1.2, 1.2, -0.5)
30.90001: (1.2, 1.2, -0.5)
31.00001: (1.2, 1.2, -0.5)
31.10001: (1.2, 1.2, -0.5)
31.20001: (1.2, 1.2, -0.5)
31.30001: (1.2, 1.2, -0.5)
31.40001: (1.2, 1.2, -0.5)
31.50001: (1.2, 1.2, -0.5)
31.60001: (1.2, 1.2, -0.5)
31.70001: (1.2, 1.2, -0.5)
31.80001: (1.2, 1.2, -0.5)
31.90001: (1.2, 1.2, -0.5)
32.00002: (1.2, 1.2, -0.5)
32.10001: (1.2, 1.2, -0.5)
32.20001: (1.2, 1.2, -0.5)
32.30001: (1.2, 1.2, -0.5)
32.40001: (1.2, 1.2, -0.4)
32.50001: (1.2, 1.2, -0.4)
32.60001: (1.2, 1.2, -0.4)
32.7: (1.2, 1.2, -0.3)
32.8: (1.2, 1.2, -0.3)
32.9: (1.2, 1.2, -0.2)
33: (1.1, 1.2, -0.2)
33.1: (1.1, 1.2, -0.2)
33.2: (1.1, 1.2, -0.2)
33.3: (1.1, 1.2, -0.2)
33.39999: (1.1, 1.2, -0.2)
33.49999: (1.1, 1.2, -0.2)
33.59999: (1.1, 1.2, -0.2)
33.69999: (1.1, 1.2, -0.2)
33.79999: (1.1, 1.2, -0.2)
33.89999: (1.1, 1.2, -0.2)
33.99998: (1.1, 1.2, -0.1)
34.09998: (1.1, 1.2, -0.1)
34.19998: (1.1, 1.2, -0.1)
34.29998: (1.2, 1.2, -0.1)
34.39998: (1.2, 1.2, -0.1)
34.49998: (1.2, 1.2, -0.1)
34.59998: (1.2, 1.2, -0.1)
34.69997: (1.2, 1.2, -0.1)
34.79997: (1.2, 1.2, -0.1)
34.89997: (1.2, 1.2, -0.1)
34.99997: (1.2, 1.2, -0.1)
35.09997: (1.2, 1.2, -0.1)
35.19997: (1.2, 1.2, -0.1)
35.29996: (1.2, 1.2, -0.1)
35.39996: (1.2, 1.2, -0.1)
35.49996: (1.2, 1.2, -0.1)
35.59996: (1.2, 1.2, -0.1)
35.69996: (1.2, 1.2, -0.1)
35.79996: (1.2, 1.2, -0.1)
13
spine3
28: (1.2, 1.3, -0.3)
28.1: (1.2, 1.3, -0.3)
28.2: (1.2, 1.3, -0.4)
28.3: (1.2, 1.3, -0.4)
28.4: (1.2, 1.3, -0.4)
28.5: (1.2, 1.3, -0.4)
28.6: (1.2, 1.3, -0.4)
28.7: (1.2, 1.3, -0.5)
28.8: (1.2, 1.3, -0.5)
28.9: (1.2, 1.3, -0.5)
29: (1.2, 1.3, -0.5)
29.1: (1.2, 1.3, -0.6)
29.2: (1.2, 1.3, -0.6)
29.3: (1.2, 1.3, -0.6)
29.40001: (1.2, 1.3, -0.6)
29.50001: (1.2, 1.3, -0.6)
29.60001: (1.2, 1.3, -0.6)
29.70001: (1.2, 1.3, -0.6)
29.80001: (1.2, 1.3, -0.6)
29.90001: (1.2, 1.3, -0.6)
30.00001: (1.2, 1.3, -0.6)
30.10001: (1.2, 1.3, -0.6)
30.20001: (1.2, 1.3, -0.6)
30.30001: (1.2, 1.3, -0.6)
30.40001: (1.2, 1.3, -0.5)
30.50001: (1.2, 1.3, -0.5)
30.60001: (1.2, 1.3, -0.5)
30.70001: (1.2, 1.3, -0.5)
30.80001: (1.2, 1.3, -0.5)
30.90001: (1.2, 1.3, -0.5)
31.00001: (1.2, 1.3, -0.5)
31.10001: (1.2, 1.3, -0.5)
31.20001: (1.2, 1.3, -0.5)
31.30001: (1.2, 1.3, -0.5)
31.40001: (1.2, 1.3, -0.5)
31.50001: (1.2, 1.3, -0.5)
31.60001: (1.2, 1.3, -0.5)
31.70001: (1.2, 1.3, -0.5)
31.80001: (1.2, 1.3, -0.5)
31.90001: (1.2, 1.3, -0.5)
32.00002: (1.2, 1.3, -0.5)
32.10001: (1.2, 1.3, -0.5)
32.20001: (1.2, 1.3, -0.5)
32.30001: (1.2, 1.3, -0.5)
32.40001: (1.2, 1.3, -0.4)
32.50001: (1.2, 1.3, -0.4)
32.60001: (1.2, 1.3, -0.4)
32.7: (1.2, 1.3, -0.3)
32.8: (1.2, 1.3, -0.3)
32.9: (1.2, 1.3, -0.2)
33: (1.2, 1.3, -0.2)
33.1: (1.1, 1.3, -0.2)
33.2: (1.1, 1.3, -0.2)
33.3: (1.1, 1.3, -0.2)
33.39999: (1.1, 1.3, -0.2)
33.49999: (1.1, 1.3, -0.2)
33.59999: (1.1, 1.3, -0.2)
33.69999: (1.1, 1.3, -0.2)
33.79999: (1.1, 1.3, -0.1)
33.89999: (1.1, 1.3, -0.1)
33.99998: (1.2, 1.3, -0.1)
34.09998: (1.2, 1.3, -0.1)
34.19998: (1.2, 1.3, -0.1)
34.29998: (1.2, 1.3, -0.1)
34.39998: (1.2, 1.3, -0.1)
34.49998: (1.2, 1.3, -0.1)
34.59998: (1.2, 1.3, -0.1)
34.69997: (1.2, 1.3, -0.1)
34.79997: (1.2, 1.3, -0.1)
34.89997: (1.2, 1.3, -0.1)
34.99997: (1.2, 1.3, -0.1)
35.09997: (1.2, 1.3, -0.1)
35.19997: (1.2, 1.3, -0.1)
35.29996: (1.2, 1.3, -0.1)
35.39996: (1.2, 1.3, -0.1)
35.49996: (1.2, 1.3, -0.1)
35.59996: (1.2, 1.3, -0.1)
35.69996: (1.2, 1.3, -0.1)
35.79996: (1.2, 1.3, -0.1)
14
leftShoulder
28: (1.2, 1.4, -0.3)
28.1: (1.2, 1.4, -0.3)
28.2: (1.2, 1.4, -0.3)
28.3: (1.2, 1.4, -0.3)
28.4: (1.2, 1.4, -0.3)
28.5: (1.2, 1.4, -0.3)
28.6: (1.2, 1.4, -0.4)
28.7: (1.2, 1.4, -0.4)
28.8: (1.2, 1.4, -0.4)
28.9: (1.2, 1.4, -0.5)
29: (1.2, 1.4, -0.5)
29.1: (1.2, 1.4, -0.5)
29.2: (1.2, 1.4, -0.5)
29.3: (1.2, 1.4, -0.5)
29.40001: (1.2, 1.4, -0.5)
29.50001: (1.2, 1.4, -0.6)
29.60001: (1.2, 1.4, -0.5)
29.70001: (1.2, 1.4, -0.5)
29.80001: (1.2, 1.4, -0.5)
29.90001: (1.2, 1.4, -0.5)
30.00001: (1.2, 1.4, -0.5)
30.10001: (1.2, 1.4, -0.5)
30.20001: (1.2, 1.4, -0.5)
30.30001: (1.2, 1.4, -0.5)
30.40001: (1.2, 1.4, -0.5)
30.50001: (1.2, 1.4, -0.5)
30.60001: (1.2, 1.4, -0.5)
30.70001: (1.2, 1.4, -0.5)
30.80001: (1.2, 1.4, -0.5)
30.90001: (1.2, 1.4, -0.5)
31.00001: (1.2, 1.4, -0.5)
31.10001: (1.2, 1.4, -0.5)
31.20001: (1.2, 1.4, -0.5)
31.30001: (1.2, 1.4, -0.5)
31.40001: (1.2, 1.4, -0.5)
31.50001: (1.2, 1.4, -0.5)
31.60001: (1.2, 1.4, -0.5)
31.70001: (1.2, 1.4, -0.5)
31.80001: (1.2, 1.4, -0.5)
31.90001: (1.2, 1.4, -0.5)
32.00002: (1.2, 1.4, -0.5)
32.10001: (1.2, 1.4, -0.4)
32.20001: (1.2, 1.4, -0.4)
32.30001: (1.2, 1.4, -0.4)
32.40001: (1.2, 1.4, -0.4)
32.50001: (1.2, 1.4, -0.4)
32.60001: (1.2, 1.4, -0.3)
32.7: (1.2, 1.4, -0.3)
32.8: (1.2, 1.4, -0.2)
32.9: (1.2, 1.4, -0.2)
33: (1.2, 1.4, -0.2)
33.1: (1.2, 1.4, -0.1)
33.2: (1.2, 1.4, -0.1)
33.3: (1.2, 1.4, -0.1)
33.39999: (1.2, 1.4, -0.1)
33.49999: (1.2, 1.4, -0.1)
33.59999: (1.2, 1.4, -0.1)
33.69999: (1.2, 1.4, -0.1)
33.79999: (1.2, 1.4, -0.1)
33.89999: (1.2, 1.4, -0.1)
33.99998: (1.2, 1.4, -0.1)
34.09998: (1.2, 1.4, -0.1)
34.19998: (1.2, 1.4, -0.1)
34.29998: (1.2, 1.4, -0.1)
34.39998: (1.2, 1.4, -0.1)
34.49998: (1.2, 1.4, -0.1)
34.59998: (1.2, 1.4, -0.1)
34.69997: (1.2, 1.4, -0.1)
34.79997: (1.2, 1.4, -0.1)
34.89997: (1.2, 1.4, -0.1)
34.99997: (1.2, 1.4, -0.1)
35.09997: (1.2, 1.4, -0.1)
35.19997: (1.2, 1.4, -0.1)
35.29996: (1.2, 1.4, -0.1)
35.39996: (1.2, 1.4, -0.1)
35.49996: (1.2, 1.4, -0.1)
35.59996: (1.2, 1.4, -0.1)
35.69996: (1.2, 1.4, -0.1)
35.79996: (1.2, 1.4, -0.1)
15
leftArm
28: (1.0, 1.4, -0.3)
28.1: (1.0, 1.4, -0.4)
28.2: (1.0, 1.4, -0.4)
28.3: (1.0, 1.4, -0.4)
28.4: (1.0, 1.4, -0.4)
28.5: (1.0, 1.4, -0.4)
28.6: (1.0, 1.4, -0.5)
28.7: (1.0, 1.4, -0.5)
28.8: (1.0, 1.4, -0.5)
28.9: (1.0, 1.4, -0.5)
29: (1.0, 1.4, -0.6)
29.1: (1.0, 1.4, -0.6)
29.2: (1.0, 1.4, -0.6)
29.3: (1.0, 1.4, -0.6)
29.40001: (1.0, 1.4, -0.6)
29.50001: (1.0, 1.4, -0.6)
29.60001: (1.0, 1.4, -0.6)
29.70001: (1.0, 1.4, -0.6)
29.80001: (1.0, 1.4, -0.6)
29.90001: (1.0, 1.4, -0.6)
30.00001: (1.0, 1.4, -0.6)
30.10001: (1.0, 1.4, -0.6)
30.20001: (1.0, 1.4, -0.6)
30.30001: (1.0, 1.4, -0.6)
30.40001: (1.0, 1.4, -0.6)
30.50001: (1.0, 1.4, -0.6)
30.60001: (1.0, 1.4, -0.6)
30.70001: (1.0, 1.4, -0.6)
30.80001: (1.0, 1.4, -0.6)
30.90001: (1.0, 1.4, -0.6)
31.00001: (1.0, 1.4, -0.6)
31.10001: (1.0, 1.4, -0.6)
31.20001: (1.0, 1.4, -0.6)
31.30001: (1.0, 1.4, -0.6)
31.40001: (1.0, 1.4, -0.6)
31.50001: (1.0, 1.4, -0.5)
31.60001: (1.0, 1.4, -0.5)
31.70001: (1.0, 1.4, -0.5)
31.80001: (1.0, 1.4, -0.5)
31.90001: (1.0, 1.4, -0.5)
32.00002: (1.0, 1.4, -0.5)
32.10001: (1.0, 1.4, -0.5)
32.20001: (1.0, 1.4, -0.4)
32.30001: (1.0, 1.4, -0.4)
32.40001: (1.0, 1.4, -0.4)
32.50001: (1.0, 1.4, -0.3)
32.60001: (1.0, 1.4, -0.3)
32.7: (1.0, 1.4, -0.2)
32.8: (1.0, 1.4, -0.2)
32.9: (1.0, 1.4, -0.1)
33: (1.0, 1.4, -0.1)
33.1: (1.0, 1.4, -0.1)
33.2: (1.0, 1.4, 0.0)
33.3: (1.0, 1.4, 0.0)
33.39999: (1.0, 1.4, 0.0)
33.49999: (1.0, 1.4, 0.0)
33.59999: (1.0, 1.4, 0.0)
33.69999: (1.0, 1.4, 0.0)
33.79999: (1.0, 1.4, 0.0)
33.89999: (1.0, 1.4, 0.0)
33.99998: (1.0, 1.4, 0.0)
34.09998: (1.0, 1.4, 0.0)
34.19998: (1.0, 1.4, 0.0)
34.29998: (1.0, 1.4, 0.0)
34.39998: (1.0, 1.4, 0.0)
34.49998: (1.0, 1.4, 0.0)
34.59998: (1.0, 1.4, 0.0)
34.69997: (1.0, 1.4, 0.0)
34.79997: (1.0, 1.4, 0.0)
34.89997: (1.0, 1.4, 0.0)
34.99997: (1.0, 1.4, 0.0)
35.09997: (1.0, 1.4, 0.0)
35.19997: (1.0, 1.4, 0.0)
35.29996: (1.0, 1.4, 0.0)
35.39996: (1.0, 1.4, 0.0)
35.49996: (1.0, 1.4, 0.0)
35.59996: (1.0, 1.4, 0.0)
35.69996: (1.0, 1.4, 0.0)
35.79996: (1.0, 1.4, 0.0)
16
leftForeArm
28: (0.7, 1.5, -0.3)
28.1: (0.7, 1.5, -0.3)
28.2: (0.7, 1.5, -0.3)
28.3: (0.7, 1.5, -0.4)
28.4: (0.7, 1.5, -0.4)
28.5: (0.7, 1.5, -0.4)
28.6: (0.7, 1.5, -0.4)
28.7: (0.7, 1.5, -0.5)
28.8: (0.7, 1.5, -0.5)
28.9: (0.7, 1.5, -0.5)
29: (0.7, 1.5, -0.5)
29.1: (0.7, 1.5, -0.6)
29.2: (0.7, 1.5, -0.6)
29.3: (0.7, 1.5, -0.6)
29.40001: (0.7, 1.5, -0.6)
29.50001: (0.7, 1.5, -0.6)
29.60001: (0.7, 1.5, -0.6)
29.70001: (0.7, 1.5, -0.6)
29.80001: (0.7, 1.5, -0.6)
29.90001: (0.7, 1.5, -0.6)
30.00001: (0.7, 1.5, -0.6)
30.10001: (0.7, 1.5, -0.6)
30.20001: (0.7, 1.5, -0.6)
30.30001: (0.7, 1.5, -0.6)
30.40001: (0.7, 1.5, -0.6)
30.50001: (0.7, 1.5, -0.6)
30.60001: (0.7, 1.5, -0.6)
30.70001: (0.7, 1.5, -0.6)
30.80001: (0.7, 1.5, -0.6)
30.90001: (0.7, 1.5, -0.6)
31.00001: (0.7, 1.5, -0.6)
31.10001: (0.7, 1.5, -0.6)
31.20001: (0.7, 1.5, -0.6)
31.30001: (0.7, 1.5, -0.6)
31.40001: (0.7, 1.5, -0.6)
31.50001: (0.7, 1.5, -0.6)
31.60001: (0.7, 1.5, -0.6)
31.70001: (0.7, 1.5, -0.5)
31.80001: (0.7, 1.5, -0.5)
31.90001: (0.7, 1.5, -0.5)
32.00002: (0.7, 1.5, -0.4)
32.10001: (0.8, 1.5, -0.4)
32.20001: (0.8, 1.4, -0.3)
32.30001: (0.8, 1.4, -0.3)
32.40001: (0.8, 1.4, -0.2)
32.50001: (0.8, 1.3, -0.2)
32.60001: (0.8, 1.3, -0.1)
32.7: (0.8, 1.3, -0.1)
32.8: (0.8, 1.2, 0.0)
32.9: (0.8, 1.2, 0.0)
33: (0.8, 1.2, 0.1)
33.1: (0.8, 1.2, 0.1)
33.2: (0.8, 1.2, 0.1)
33.3: (0.8, 1.2, 0.1)
33.39999: (0.8, 1.2, 0.1)
33.49999: (0.8, 1.2, 0.1)
33.59999: (0.8, 1.2, 0.1)
33.69999: (0.8, 1.2, 0.1)
33.79999: (0.8, 1.2, 0.1)
33.89999: (0.8, 1.2, 0.1)
33.99998: (0.8, 1.2, 0.1)
34.09998: (0.8, 1.2, 0.1)
34.19998: (0.8, 1.2, 0.1)
34.29998: (0.8, 1.2, 0.1)
34.39998: (0.8, 1.2, 0.1)
34.49998: (0.8, 1.2, 0.0)
34.59998: (0.8, 1.2, 0.0)
34.69997: (0.8, 1.2, 0.0)
34.79997: (0.8, 1.2, 0.0)
34.89997: (0.8, 1.2, 0.0)
34.99997: (0.8, 1.2, 0.0)
35.09997: (0.8, 1.2, 0.0)
35.19997: (0.8, 1.2, 0.0)
35.29996: (0.8, 1.2, 0.0)
35.39996: (0.8, 1.2, 0.0)
35.49996: (0.8, 1.2, 0.0)
35.59996: (0.8, 1.2, 0.0)
35.69996: (0.8, 1.2, 0.0)
35.79996: (0.8, 1.2, 0.0)
17
leftHand
28: (0.6, 1.5, -0.2)
28.1: (0.6, 1.5, -0.2)
28.2: (0.5, 1.5, -0.2)
28.3: (0.5, 1.5, -0.2)
28.4: (0.5, 1.5, -0.3)
28.5: (0.5, 1.5, -0.3)
28.6: (0.5, 1.5, -0.3)
28.7: (0.5, 1.5, -0.3)
28.8: (0.5, 1.5, -0.4)
28.9: (0.5, 1.5, -0.4)
29: (0.5, 1.5, -0.4)
29.1: (0.5, 1.5, -0.4)
29.2: (0.5, 1.5, -0.5)
29.3: (0.5, 1.5, -0.5)
29.40001: (0.5, 1.5, -0.5)
29.50001: (0.5, 1.5, -0.5)
29.60001: (0.5, 1.5, -0.5)
29.70001: (0.5, 1.5, -0.5)
29.80001: (0.5, 1.5, -0.5)
29.90001: (0.5, 1.5, -0.5)
30.00001: (0.5, 1.5, -0.5)
30.10001: (0.5, 1.5, -0.5)
30.20001: (0.5, 1.5, -0.5)
30.30001: (0.5, 1.5, -0.5)
30.40001: (0.5, 1.5, -0.5)
30.50001: (0.5, 1.5, -0.5)
30.60001: (0.5, 1.5, -0.5)
30.70001: (0.5, 1.5, -0.5)
30.80001: (0.5, 1.5, -0.5)
30.90001: (0.5, 1.5, -0.5)
31.00001: (0.5, 1.5, -0.5)
31.10001: (0.5, 1.5, -0.5)
31.20001: (0.5, 1.5, -0.5)
31.30001: (0.5, 1.5, -0.5)
31.40001: (0.5, 1.5, -0.5)
31.50001: (0.5, 1.5, -0.5)
31.60001: (0.5, 1.5, -0.4)
31.70001: (0.5, 1.5, -0.4)
31.80001: (0.6, 1.6, -0.4)
31.90001: (0.6, 1.6, -0.4)
32.00002: (0.6, 1.6, -0.3)
32.10001: (0.6, 1.6, -0.3)
32.20001: (0.6, 1.5, -0.2)
32.30001: (0.6, 1.5, -0.2)
32.40001: (0.6, 1.4, -0.1)
32.50001: (0.6, 1.3, 0.0)
32.60001: (0.6, 1.3, 0.0)
32.7: (0.7, 1.2, 0.1)
32.8: (0.7, 1.2, 0.2)
32.9: (0.7, 1.2, 0.2)
33: (0.7, 1.1, 0.3)
33.1: (0.7, 1.1, 0.3)
33.2: (0.8, 1.1, 0.3)
33.3: (0.8, 1.1, 0.3)
33.39999: (0.8, 1.1, 0.3)
33.49999: (0.8, 1.1, 0.3)
33.59999: (0.9, 1.1, 0.3)
33.69999: (0.9, 1.1, 0.2)
33.79999: (0.9, 1.1, 0.2)
33.89999: (0.9, 1.1, 0.2)
33.99998: (0.9, 1.1, 0.2)
34.09998: (0.9, 1.1, 0.2)
34.19998: (0.9, 1.1, 0.2)
34.29998: (0.9, 1.1, 0.2)
34.39998: (0.9, 1.1, 0.2)
34.49998: (0.9, 1.1, 0.1)
34.59998: (0.9, 1.1, 0.1)
34.69997: (0.9, 1.1, 0.1)
34.79997: (1.0, 1.1, 0.1)
34.89997: (1.0, 1.1, 0.1)
34.99997: (1.0, 1.1, 0.1)
35.09997: (1.0, 1.1, 0.1)
35.19997: (1.0, 1.1, 0.1)
35.29996: (1.0, 1.1, 0.1)
35.39996: (1.0, 1.1, 0.1)
35.49996: (1.0, 1.1, 0.1)
35.59996: (1.0, 1.1, 0.1)
35.69996: (1.0, 1.1, 0.1)
35.79996: (1.0, 1.1, 0.1)
18
neck
28: (1.2, 1.4, -0.3)
28.1: (1.2, 1.4, -0.3)
28.2: (1.2, 1.4, -0.3)
28.3: (1.2, 1.4, -0.3)
28.4: (1.2, 1.4, -0.4)
28.5: (1.2, 1.4, -0.4)
28.6: (1.2, 1.4, -0.4)
28.7: (1.2, 1.4, -0.4)
28.8: (1.2, 1.4, -0.5)
28.9: (1.2, 1.4, -0.5)
29: (1.2, 1.4, -0.5)
29.1: (1.2, 1.4, -0.5)
29.2: (1.2, 1.4, -0.6)
29.3: (1.2, 1.4, -0.6)
29.40001: (1.2, 1.4, -0.6)
29.50001: (1.2, 1.4, -0.6)
29.60001: (1.2, 1.4, -0.6)
29.70001: (1.2, 1.4, -0.6)
29.80001: (1.2, 1.4, -0.6)
29.90001: (1.2, 1.4, -0.6)
30.00001: (1.2, 1.4, -0.6)
30.10001: (1.2, 1.4, -0.6)
30.20001: (1.2, 1.4, -0.5)
30.30001: (1.2, 1.4, -0.5)
30.40001: (1.2, 1.4, -0.5)
30.50001: (1.2, 1.4, -0.5)
30.60001: (1.2, 1.4, -0.5)
30.70001: (1.2, 1.4, -0.5)
30.80001: (1.2, 1.4, -0.5)
30.90001: (1.2, 1.4, -0.5)
31.00001: (1.2, 1.4, -0.5)
31.10001: (1.2, 1.4, -0.5)
31.20001: (1.2, 1.4, -0.5)
31.30001: (1.2, 1.4, -0.5)
31.40001: (1.2, 1.4, -0.5)
31.50001: (1.2, 1.4, -0.5)
31.60001: (1.2, 1.4, -0.5)
31.70001: (1.2, 1.4, -0.5)
31.80001: (1.2, 1.4, -0.5)
31.90001: (1.2, 1.4, -0.5)
32.00002: (1.2, 1.4, -0.5)
32.10001: (1.2, 1.4, -0.5)
32.20001: (1.2, 1.4, -0.5)
32.30001: (1.2, 1.4, -0.5)
32.40001: (1.2, 1.4, -0.4)
32.50001: (1.2, 1.4, -0.4)
32.60001: (1.2, 1.4, -0.4)
32.7: (1.2, 1.4, -0.3)
32.8: (1.2, 1.4, -0.3)
32.9: (1.2, 1.4, -0.2)
33: (1.2, 1.4, -0.2)
33.1: (1.2, 1.4, -0.2)
33.2: (1.2, 1.4, -0.1)
33.3: (1.1, 1.4, -0.1)
33.39999: (1.1, 1.4, -0.1)
33.49999: (1.1, 1.4, -0.1)
33.59999: (1.1, 1.4, -0.1)
33.69999: (1.1, 1.4, -0.1)
33.79999: (1.2, 1.4, -0.1)
33.89999: (1.2, 1.4, -0.1)
33.99998: (1.2, 1.4, -0.1)
34.09998: (1.2, 1.4, -0.1)
34.19998: (1.2, 1.4, -0.1)
34.29998: (1.2, 1.4, -0.1)
34.39998: (1.2, 1.4, -0.1)
34.49998: (1.2, 1.4, -0.1)
34.59998: (1.2, 1.4, -0.1)
34.69997: (1.2, 1.4, -0.1)
34.79997: (1.2, 1.4, -0.1)
34.89997: (1.2, 1.4, -0.1)
34.99997: (1.2, 1.4, -0.1)
35.09997: (1.2, 1.4, -0.1)
35.19997: (1.2, 1.4, -0.1)
35.29996: (1.2, 1.4, -0.1)
35.39996: (1.2, 1.4, -0.1)
35.49996: (1.2, 1.4, -0.1)
35.59996: (1.2, 1.4, -0.1)
35.69996: (1.2, 1.4, -0.1)
35.79996: (1.2, 1.4, -0.1)
19
neck1
28: (1.2, 1.5, -0.3)
28.1: (1.2, 1.5, -0.3)
28.2: (1.2, 1.5, -0.3)
28.3: (1.2, 1.5, -0.3)
28.4: (1.2, 1.5, -0.4)
28.5: (1.2, 1.5, -0.4)
28.6: (1.2, 1.5, -0.4)
28.7: (1.2, 1.5, -0.4)
28.8: (1.2, 1.5, -0.5)
28.9: (1.2, 1.5, -0.5)
29: (1.2, 1.5, -0.5)
29.1: (1.2, 1.5, -0.5)
29.2: (1.2, 1.5, -0.6)
29.3: (1.2, 1.5, -0.6)
29.40001: (1.2, 1.5, -0.6)
29.50001: (1.2, 1.5, -0.6)
29.60001: (1.2, 1.5, -0.6)
29.70001: (1.2, 1.5, -0.6)
29.80001: (1.2, 1.5, -0.6)
29.90001: (1.2, 1.5, -0.6)
30.00001: (1.2, 1.5, -0.6)
30.10001: (1.2, 1.5, -0.6)
30.20001: (1.2, 1.5, -0.5)
30.30001: (1.2, 1.5, -0.5)
30.40001: (1.2, 1.5, -0.5)
30.50001: (1.2, 1.5, -0.5)
30.60001: (1.2, 1.5, -0.5)
30.70001: (1.2, 1.5, -0.5)
30.80001: (1.2, 1.5, -0.5)
30.90001: (1.2, 1.5, -0.5)
31.00001: (1.2, 1.5, -0.5)
31.10001: (1.2, 1.5, -0.5)
31.20001: (1.2, 1.5, -0.5)
31.30001: (1.2, 1.5, -0.5)
31.40001: (1.2, 1.5, -0.5)
31.50001: (1.2, 1.5, -0.5)
31.60001: (1.2, 1.5, -0.5)
31.70001: (1.2, 1.5, -0.5)
31.80001: (1.2, 1.5, -0.5)
31.90001: (1.2, 1.5, -0.5)
32.00002: (1.2, 1.5, -0.5)
32.10001: (1.2, 1.5, -0.5)
32.20001: (1.2, 1.5, -0.5)
32.30001: (1.2, 1.4, -0.4)
32.40001: (1.2, 1.4, -0.4)
32.50001: (1.2, 1.4, -0.4)
32.60001: (1.2, 1.4, -0.4)
32.7: (1.2, 1.4, -0.3)
32.8: (1.2, 1.5, -0.3)
32.9: (1.2, 1.5, -0.2)
33: (1.2, 1.5, -0.2)
33.1: (1.2, 1.5, -0.2)
33.2: (1.2, 1.5, -0.1)
33.3: (1.2, 1.5, -0.1)
33.39999: (1.2, 1.5, -0.1)
33.49999: (1.2, 1.5, -0.1)
33.59999: (1.2, 1.5, -0.1)
33.69999: (1.2, 1.5, -0.1)
33.79999: (1.2, 1.5, -0.1)
33.89999: (1.2, 1.5, -0.1)
33.99998: (1.2, 1.5, -0.1)
34.09998: (1.2, 1.5, -0.1)
34.19998: (1.2, 1.5, -0.1)
34.29998: (1.2, 1.5, -0.1)
34.39998: (1.2, 1.5, -0.1)
34.49998: (1.2, 1.5, -0.1)
34.59998: (1.2, 1.5, -0.1)
34.69997: (1.2, 1.5, -0.1)
34.79997: (1.2, 1.5, -0.1)
34.89997: (1.2, 1.5, -0.1)
34.99997: (1.2, 1.5, -0.1)
35.09997: (1.2, 1.5, -0.1)
35.19997: (1.2, 1.5, -0.1)
35.29996: (1.2, 1.5, -0.1)
35.39996: (1.2, 1.5, -0.1)
35.49996: (1.2, 1.5, -0.1)
35.59996: (1.2, 1.5, -0.1)
35.69996: (1.2, 1.5, -0.1)
35.79996: (1.2, 1.5, -0.1)
20
head
28: (1.2, 1.5, -0.3)
28.1: (1.2, 1.5, -0.3)
28.2: (1.2, 1.5, -0.3)
28.3: (1.2, 1.5, -0.3)
28.4: (1.2, 1.5, -0.3)
28.5: (1.2, 1.5, -0.4)
28.6: (1.2, 1.5, -0.4)
28.7: (1.2, 1.5, -0.4)
28.8: (1.2, 1.5, -0.4)
28.9: (1.2, 1.5, -0.5)
29: (1.2, 1.5, -0.5)
29.1: (1.2, 1.5, -0.5)
29.2: (1.2, 1.5, -0.5)
29.3: (1.2, 1.5, -0.6)
29.40001: (1.2, 1.5, -0.6)
29.50001: (1.2, 1.5, -0.6)
29.60001: (1.2, 1.5, -0.6)
29.70001: (1.2, 1.5, -0.6)
29.80001: (1.2, 1.5, -0.6)
29.90001: (1.2, 1.5, -0.6)
30.00001: (1.2, 1.5, -0.6)
30.10001: (1.2, 1.5, -0.5)
30.20001: (1.2, 1.5, -0.5)
30.30001: (1.2, 1.5, -0.5)
30.40001: (1.2, 1.5, -0.5)
30.50001: (1.2, 1.5, -0.5)
30.60001: (1.2, 1.5, -0.5)
30.70001: (1.2, 1.5, -0.5)
30.80001: (1.2, 1.5, -0.5)
30.90001: (1.2, 1.5, -0.5)
31.00001: (1.2, 1.5, -0.5)
31.10001: (1.2, 1.5, -0.5)
31.20001: (1.2, 1.5, -0.5)
31.30001: (1.2, 1.5, -0.5)
31.40001: (1.2, 1.5, -0.5)
31.50001: (1.2, 1.5, -0.5)
31.60001: (1.2, 1.5, -0.5)
31.70001: (1.2, 1.5, -0.5)
31.80001: (1.2, 1.5, -0.5)
31.90001: (1.2, 1.5, -0.5)
32.00002: (1.2, 1.5, -0.5)
32.10001: (1.2, 1.5, -0.5)
32.20001: (1.2, 1.5, -0.4)
32.30001: (1.2, 1.5, -0.4)
32.40001: (1.2, 1.5, -0.4)
32.50001: (1.2, 1.5, -0.4)
32.60001: (1.2, 1.5, -0.3)
32.7: (1.2, 1.5, -0.3)
32.8: (1.2, 1.5, -0.2)
32.9: (1.2, 1.5, -0.2)
33: (1.2, 1.5, -0.2)
33.1: (1.2, 1.5, -0.1)
33.2: (1.2, 1.5, -0.1)
33.3: (1.2, 1.5, -0.1)
33.39999: (1.2, 1.5, -0.1)
33.49999: (1.2, 1.5, -0.1)
33.59999: (1.2, 1.5, -0.1)
33.69999: (1.2, 1.5, -0.1)
33.79999: (1.2, 1.5, -0.1)
33.89999: (1.2, 1.5, -0.1)
33.99998: (1.2, 1.5, -0.1)
34.09998: (1.2, 1.5, -0.1)
34.19998: (1.2, 1.5, -0.1)
34.29998: (1.2, 1.5, -0.1)
34.39998: (1.2, 1.5, -0.1)
34.49998: (1.2, 1.5, -0.1)
34.59998: (1.2, 1.5, -0.1)
34.69997: (1.2, 1.5, -0.1)
34.79997: (1.2, 1.5, -0.1)
34.89997: (1.2, 1.5, -0.1)
34.99997: (1.2, 1.5, -0.1)
35.09997: (1.2, 1.5, -0.1)
35.19997: (1.2, 1.5, -0.1)
35.29996: (1.2, 1.5, -0.1)
35.39996: (1.2, 1.5, -0.1)
35.49996: (1.2, 1.5, -0.1)
35.59996: (1.2, 1.5, -0.1)
35.69996: (1.2, 1.5, -0.1)
35.79996: (1.2, 1.5, -0.1)
21
rightShoulder
28: (1.2, 1.4, -0.3)
28.1: (1.2, 1.4, -0.3)
28.2: (1.2, 1.4, -0.3)
28.3: (1.2, 1.4, -0.3)
28.4: (1.2, 1.4, -0.3)
28.5: (1.2, 1.4, -0.3)
28.6: (1.2, 1.4, -0.4)
28.7: (1.2, 1.4, -0.4)
28.8: (1.2, 1.4, -0.4)
28.9: (1.2, 1.4, -0.5)
29: (1.2, 1.4, -0.5)
29.1: (1.2, 1.4, -0.5)
29.2: (1.2, 1.4, -0.5)
29.3: (1.2, 1.4, -0.5)
29.40001: (1.2, 1.4, -0.5)
29.50001: (1.2, 1.4, -0.6)
29.60001: (1.2, 1.4, -0.5)
29.70001: (1.2, 1.4, -0.5)
29.80001: (1.2, 1.4, -0.5)
29.90001: (1.2, 1.4, -0.5)
30.00001: (1.2, 1.4, -0.5)
30.10001: (1.2, 1.4, -0.5)
30.20001: (1.2, 1.4, -0.5)
30.30001: (1.2, 1.4, -0.5)
30.40001: (1.2, 1.4, -0.5)
30.50001: (1.2, 1.4, -0.5)
30.60001: (1.2, 1.4, -0.5)
30.70001: (1.2, 1.4, -0.5)
30.80001: (1.2, 1.4, -0.5)
30.90001: (1.2, 1.4, -0.5)
31.00001: (1.2, 1.4, -0.5)
31.10001: (1.2, 1.4, -0.5)
31.20001: (1.2, 1.4, -0.5)
31.30001: (1.2, 1.4, -0.5)
31.40001: (1.2, 1.4, -0.5)
31.50001: (1.2, 1.4, -0.5)
31.60001: (1.2, 1.4, -0.5)
31.70001: (1.2, 1.4, -0.5)
31.80001: (1.2, 1.4, -0.5)
31.90001: (1.2, 1.4, -0.5)
32.00002: (1.2, 1.4, -0.5)
32.10001: (1.2, 1.4, -0.4)
32.20001: (1.2, 1.4, -0.4)
32.30001: (1.2, 1.4, -0.4)
32.40001: (1.2, 1.4, -0.4)
32.50001: (1.2, 1.4, -0.4)
32.60001: (1.2, 1.4, -0.3)
32.7: (1.2, 1.4, -0.3)
32.8: (1.2, 1.4, -0.2)
32.9: (1.2, 1.4, -0.2)
33: (1.2, 1.4, -0.2)
33.1: (1.2, 1.4, -0.1)
33.2: (1.2, 1.4, -0.1)
33.3: (1.2, 1.4, -0.1)
33.39999: (1.2, 1.4, -0.1)
33.49999: (1.2, 1.4, -0.1)
33.59999: (1.2, 1.4, -0.1)
33.69999: (1.2, 1.4, -0.1)
33.79999: (1.2, 1.4, -0.1)
33.89999: (1.2, 1.4, -0.1)
33.99998: (1.2, 1.4, -0.1)
34.09998: (1.2, 1.4, -0.1)
34.19998: (1.2, 1.4, -0.1)
34.29998: (1.2, 1.4, -0.1)
34.39998: (1.2, 1.4, -0.1)
34.49998: (1.2, 1.4, -0.1)
34.59998: (1.2, 1.4, -0.1)
34.69997: (1.2, 1.4, -0.1)
34.79997: (1.2, 1.4, -0.1)
34.89997: (1.2, 1.4, -0.1)
34.99997: (1.2, 1.4, -0.1)
35.09997: (1.2, 1.4, -0.1)
35.19997: (1.2, 1.4, -0.1)
35.29996: (1.2, 1.4, -0.1)
35.39996: (1.2, 1.4, -0.1)
35.49996: (1.2, 1.4, -0.1)
35.59996: (1.2, 1.4, -0.1)
35.69996: (1.2, 1.4, -0.1)
35.79996: (1.2, 1.4, -0.1)
22
rightArm
28: (1.4, 1.4, -0.3)
28.1: (1.4, 1.4, -0.3)
28.2: (1.4, 1.4, -0.3)
28.3: (1.4, 1.4, -0.3)
28.4: (1.4, 1.4, -0.4)
28.5: (1.4, 1.4, -0.4)
28.6: (1.3, 1.4, -0.4)
28.7: (1.3, 1.4, -0.4)
28.8: (1.3, 1.4, -0.5)
28.9: (1.3, 1.4, -0.5)
29: (1.3, 1.4, -0.5)
29.1: (1.3, 1.4, -0.5)
29.2: (1.3, 1.4, -0.6)
29.3: (1.3, 1.4, -0.6)
29.40001: (1.3, 1.4, -0.6)
29.50001: (1.3, 1.4, -0.6)
29.60001: (1.3, 1.4, -0.6)
29.70001: (1.3, 1.4, -0.6)
29.80001: (1.3, 1.4, -0.6)
29.90001: (1.3, 1.4, -0.6)
30.00001: (1.3, 1.4, -0.6)
30.10001: (1.3, 1.4, -0.6)
30.20001: (1.3, 1.4, -0.5)
30.30001: (1.4, 1.4, -0.5)
30.40001: (1.4, 1.4, -0.5)
30.50001: (1.4, 1.4, -0.5)
30.60001: (1.4, 1.4, -0.5)
30.70001: (1.4, 1.4, -0.5)
30.80001: (1.4, 1.4, -0.5)
30.90001: (1.4, 1.4, -0.5)
31.00001: (1.4, 1.4, -0.5)
31.10001: (1.4, 1.4, -0.5)
31.20001: (1.3, 1.4, -0.5)
31.30001: (1.3, 1.4, -0.5)
31.40001: (1.3, 1.4, -0.5)
31.50001: (1.3, 1.4, -0.5)
31.60001: (1.3, 1.4, -0.5)
31.70001: (1.4, 1.4, -0.5)
31.80001: (1.4, 1.4, -0.5)
31.90001: (1.4, 1.4, -0.5)
32.00002: (1.4, 1.4, -0.5)
32.10001: (1.4, 1.4, -0.5)
32.20001: (1.4, 1.4, -0.5)
32.30001: (1.4, 1.4, -0.5)
32.40001: (1.4, 1.4, -0.5)
32.50001: (1.4, 1.4, -0.5)
32.60001: (1.3, 1.4, -0.5)
32.7: (1.3, 1.4, -0.4)
32.8: (1.3, 1.4, -0.4)
32.9: (1.3, 1.4, -0.3)
33: (1.3, 1.4, -0.3)
33.1: (1.3, 1.4, -0.3)
33.2: (1.3, 1.4, -0.2)
33.3: (1.3, 1.4, -0.2)
33.39999: (1.3, 1.4, -0.2)
33.49999: (1.3, 1.4, -0.2)
33.59999: (1.3, 1.4, -0.2)
33.69999: (1.3, 1.4, -0.2)
33.79999: (1.3, 1.4, -0.2)
33.89999: (1.3, 1.4, -0.2)
33.99998: (1.3, 1.4, -0.2)
34.09998: (1.3, 1.4, -0.2)
34.19998: (1.3, 1.4, -0.2)
34.29998: (1.3, 1.4, -0.2)
34.39998: (1.3, 1.4, -0.2)
34.49998: (1.3, 1.4, -0.2)
34.59998: (1.3, 1.4, -0.2)
34.69997: (1.3, 1.4, -0.2)
34.79997: (1.3, 1.4, -0.2)
34.89997: (1.3, 1.4, -0.2)
34.99997: (1.3, 1.4, -0.2)
35.09997: (1.3, 1.4, -0.2)
35.19997: (1.3, 1.4, -0.2)
35.29996: (1.3, 1.4, -0.2)
35.39996: (1.3, 1.4, -0.2)
35.49996: (1.3, 1.4, -0.2)
35.59996: (1.3, 1.4, -0.2)
35.69996: (1.3, 1.4, -0.2)
35.79996: (1.3, 1.4, -0.2)
23
rightForeArm
28: (1.6, 1.4, -0.2)
28.1: (1.6, 1.4, -0.3)
28.2: (1.6, 1.4, -0.3)
28.3: (1.6, 1.4, -0.3)
28.4: (1.6, 1.4, -0.3)
28.5: (1.6, 1.4, -0.3)
28.6: (1.6, 1.4, -0.4)
28.7: (1.6, 1.4, -0.4)
28.8: (1.6, 1.4, -0.4)
28.9: (1.6, 1.4, -0.5)
29: (1.6, 1.4, -0.5)
29.1: (1.6, 1.4, -0.5)
29.2: (1.6, 1.4, -0.5)
29.3: (1.6, 1.4, -0.6)
29.40001: (1.6, 1.4, -0.6)
29.50001: (1.6, 1.4, -0.6)
29.60001: (1.6, 1.4, -0.6)
29.70001: (1.6, 1.4, -0.6)
29.80001: (1.6, 1.4, -0.6)
29.90001: (1.6, 1.4, -0.6)
30.00001: (1.6, 1.4, -0.6)
30.10001: (1.6, 1.4, -0.6)
30.20001: (1.6, 1.4, -0.6)
30.30001: (1.6, 1.4, -0.6)
30.40001: (1.6, 1.4, -0.5)
30.50001: (1.6, 1.4, -0.5)
30.60001: (1.6, 1.4, -0.5)
30.70001: (1.6, 1.4, -0.5)
30.80001: (1.6, 1.4, -0.5)
30.90001: (1.6, 1.4, -0.5)
31.00001: (1.6, 1.4, -0.5)
31.10001: (1.6, 1.4, -0.5)
31.20001: (1.6, 1.4, -0.5)
31.30001: (1.6, 1.4, -0.5)
31.40001: (1.6, 1.4, -0.5)
31.50001: (1.6, 1.4, -0.5)
31.60001: (1.6, 1.4, -0.5)
31.70001: (1.6, 1.3, -0.5)
31.80001: (1.6, 1.3, -0.5)
31.90001: (1.6, 1.2, -0.5)
32.00002: (1.6, 1.2, -0.5)
32.10001: (1.5, 1.1, -0.5)
32.20001: (1.5, 1.1, -0.5)
32.30001: (1.5, 1.1, -0.5)
32.40001: (1.5, 1.1, -0.5)
32.50001: (1.5, 1.1, -0.5)
32.60001: (1.5, 1.1, -0.5)
32.7: (1.5, 1.2, -0.5)
32.8: (1.5, 1.2, -0.5)
32.9: (1.5, 1.3, -0.4)
33: (1.6, 1.3, -0.4)
33.1: (1.6, 1.3, -0.4)
33.2: (1.6, 1.4, -0.3)
33.3: (1.6, 1.4, -0.3)
33.39999: (1.6, 1.4, -0.3)
33.49999: (1.6, 1.5, -0.2)
33.59999: (1.6, 1.5, -0.2)
33.69999: (1.6, 1.5, -0.2)
33.79999: (1.6, 1.5, -0.2)
33.89999: (1.6, 1.5, -0.2)
33.99998: (1.6, 1.5, -0.2)
34.09998: (1.5, 1.5, -0.2)
34.19998: (1.5, 1.5, -0.2)
34.29998: (1.5, 1.5, -0.2)
34.39998: (1.5, 1.5, -0.2)
34.49998: (1.5, 1.5, -0.2)
34.59998: (1.5, 1.5, -0.2)
34.69997: (1.5, 1.5, -0.2)
34.79997: (1.5, 1.5, -0.2)
34.89997: (1.5, 1.6, -0.2)
34.99997: (1.5, 1.6, -0.2)
35.09997: (1.5, 1.6, -0.2)
35.19997: (1.5, 1.6, -0.2)
35.29996: (1.5, 1.6, -0.2)
35.39996: (1.5, 1.5, -0.2)
35.49996: (1.6, 1.5, -0.2)
35.59996: (1.6, 1.5, -0.2)
35.69996: (1.6, 1.5, -0.1)
35.79996: (1.6, 1.5, -0.1)
24
rightHand
28: (1.8, 1.4, -0.1)
28.1: (1.8, 1.4, -0.1)
28.2: (1.8, 1.4, -0.1)
28.3: (1.8, 1.4, -0.1)
28.4: (1.8, 1.4, -0.2)
28.5: (1.8, 1.4, -0.2)
28.6: (1.8, 1.4, -0.2)
28.7: (1.8, 1.4, -0.2)
28.8: (1.8, 1.4, -0.3)
28.9: (1.8, 1.4, -0.3)
29: (1.8, 1.4, -0.3)
29.1: (1.8, 1.4, -0.4)
29.2: (1.8, 1.4, -0.4)
29.3: (1.8, 1.4, -0.4)
29.40001: (1.8, 1.4, -0.4)
29.50001: (1.8, 1.4, -0.4)
29.60001: (1.8, 1.4, -0.4)
29.70001: (1.8, 1.4, -0.4)
29.80001: (1.8, 1.4, -0.4)
29.90001: (1.8, 1.4, -0.4)
30.00001: (1.8, 1.4, -0.4)
30.10001: (1.8, 1.4, -0.4)
30.20001: (1.8, 1.4, -0.4)
30.30001: (1.8, 1.4, -0.4)
30.40001: (1.8, 1.4, -0.4)
30.50001: (1.8, 1.4, -0.4)
30.60001: (1.8, 1.4, -0.4)
30.70001: (1.8, 1.4, -0.4)
30.80001: (1.8, 1.4, -0.4)
30.90001: (1.8, 1.4, -0.4)
31.00001: (1.8, 1.4, -0.4)
31.10001: (1.8, 1.4, -0.4)
31.20001: (1.8, 1.4, -0.4)
31.30001: (1.8, 1.4, -0.4)
31.40001: (1.8, 1.4, -0.4)
31.50001: (1.8, 1.4, -0.4)
31.60001: (1.8, 1.3, -0.4)
31.70001: (1.8, 1.3, -0.4)
31.80001: (1.8, 1.2, -0.3)
31.90001: (1.7, 1.1, -0.4)
32.00002: (1.7, 1.0, -0.4)
32.10001: (1.6, 1.0, -0.4)
32.20001: (1.6, 0.9, -0.5)
32.30001: (1.6, 0.9, -0.5)
32.40001: (1.5, 0.9, -0.5)
32.50001: (1.6, 0.9, -0.6)
32.60001: (1.6, 0.9, -0.6)
32.7: (1.6, 1.0, -0.6)
32.8: (1.7, 1.1, -0.6)
32.9: (1.7, 1.1, -0.5)
33: (1.7, 1.2, -0.5)
33.1: (1.8, 1.3, -0.4)
33.2: (1.8, 1.4, -0.4)
33.3: (1.8, 1.4, -0.3)
33.39999: (1.8, 1.5, -0.3)
33.49999: (1.8, 1.5, -0.2)
33.59999: (1.8, 1.5, -0.2)
33.69999: (1.8, 1.5, -0.2)
33.79999: (1.8, 1.6, -0.2)
33.89999: (1.8, 1.6, -0.1)
33.99998: (1.7, 1.6, -0.1)
34.09998: (1.7, 1.6, -0.1)
34.19998: (1.7, 1.6, -0.1)
34.29998: (1.7, 1.6, -0.1)
34.39998: (1.7, 1.7, -0.1)
34.49998: (1.7, 1.7, -0.1)
34.59998: (1.7, 1.7, 0.0)
34.69997: (1.7, 1.7, 0.0)
34.79997: (1.7, 1.7, 0.0)
34.89997: (1.7, 1.7, 0.0)
34.99997: (1.7, 1.7, 0.0)
35.09997: (1.7, 1.7, 0.0)
35.19997: (1.7, 1.7, 0.0)
35.29996: (1.7, 1.7, 0.0)
35.39996: (1.7, 1.7, 0.0)
35.49996: (1.7, 1.7, 0.0)
35.59996: (1.7, 1.7, 0.0)
35.69996: (1.7, 1.7, 0.0)
35.79996: (1.7, 1.6, 0.0)
hips
28: (1.2, 0.9, -0.4)
28.1: (1.2, 0.9, -0.4)
28.2: (1.2, 0.9, -0.4)
28.3: (1.2, 0.9, -0.4)
28.4: (1.2, 0.9, -0.4)
28.5: (1.2, 0.9, -0.4)
28.6: (1.2, 0.9, -0.4)
28.7: (1.2, 0.9, -0.4)
28.8: (1.2, 0.9, -0.5)
28.9: (1.2, 0.9, -0.5)
29: (1.2, 0.9, -0.5)
29.1: (1.2, 0.9, -0.5)
29.2: (1.2, 0.9, -0.6)
29.3: (1.2, 0.9, -0.6)
29.40001: (1.2, 0.9, -0.6)
29.50001: (1.2, 0.9, -0.6)
29.60001: (1.2, 0.9, -0.6)
29.70001: (1.2, 0.9, -0.6)
29.80001: (1.2, 0.9, -0.6)
29.90001: (1.2, 0.9, -0.6)
30.00001: (1.2, 0.9, -0.6)
30.10001: (1.2, 0.9, -0.5)
30.20001: (1.2, 0.9, -0.5)
30.30001: (1.2, 0.9, -0.5)
30.40001: (1.2, 0.9, -0.5)
30.50001: (1.2, 0.9, -0.5)
30.60001: (1.2, 0.9, -0.5)
30.70001: (1.2, 0.9, -0.5)
30.80001: (1.2, 0.9, -0.5)
30.90001: (1.2, 0.9, -0.5)
31.00001: (1.2, 0.9, -0.5)
31.10001: (1.2, 0.9, -0.5)
31.20001: (1.2, 0.9, -0.5)
31.30001: (1.2, 0.9, -0.5)
31.40001: (1.2, 0.9, -0.5)
31.50001: (1.2, 0.9, -0.5)
31.60001: (1.2, 0.9, -0.5)
31.70001: (1.2, 0.9, -0.5)
31.80001: (1.2, 0.9, -0.5)
31.90001: (1.2, 0.9, -0.5)
32.00002: (1.2, 0.9, -0.5)
32.10001: (1.2, 0.9, -0.5)
32.20001: (1.2, 0.9, -0.5)
32.30001: (1.2, 0.9, -0.4)
32.40001: (1.2, 0.9, -0.4)
32.50001: (1.2, 0.9, -0.4)
32.60001: (1.2, 0.9, -0.4)
32.7: (1.2, 0.9, -0.3)
32.8: (1.2, 0.9, -0.3)
32.9: (1.2, 0.9, -0.2)
33: (1.2, 0.9, -0.2)
33.1: (1.1, 0.9, -0.2)
33.2: (1.1, 0.9, -0.1)
33.3: (1.1, 0.9, -0.1)
33.39999: (1.1, 0.9, -0.1)
33.49999: (1.1, 0.9, -0.1)
33.59999: (1.1, 0.9, -0.1)
33.69999: (1.1, 0.9, -0.1)
33.79999: (1.1, 0.9, -0.1)
33.89999: (1.1, 0.9, -0.1)
33.99998: (1.1, 0.9, -0.1)
34.09998: (1.1, 0.9, -0.1)
34.19998: (1.1, 0.9, -0.1)
34.29998: (1.1, 0.9, -0.1)
34.39998: (1.1, 0.9, -0.1)
34.49998: (1.1, 0.9, -0.1)
34.59998: (1.1, 0.9, -0.1)
34.69997: (1.1, 0.9, -0.1)
34.79997: (1.2, 0.9, -0.1)
34.89997: (1.2, 0.9, -0.1)
34.99997: (1.2, 0.9, -0.1)
35.09997: (1.2, 0.9, -0.1)
35.19997: (1.2, 0.9, -0.1)
35.29996: (1.2, 0.9, -0.1)
35.39996: (1.2, 0.9, -0.1)
35.49996: (1.2, 0.9, -0.1)
35.59996: (1.2, 0.9, -0.1)
35.69996: (1.2, 0.9, -0.1)
35.79996: (1.2, 0.9, -0.1)
leftUpLeg
28: (1.1, 0.9, -0.4)
28.1: (1.1, 0.9, -0.4)
28.2: (1.1, 0.9, -0.4)
28.3: (1.1, 0.9, -0.4)
28.4: (1.1, 0.9, -0.4)
28.5: (1.1, 0.9, -0.4)
28.6: (1.1, 0.9, -0.5)
28.7: (1.1, 0.9, -0.5)
28.8: (1.1, 0.9, -0.5)
28.9: (1.1, 0.9, -0.5)
29: (1.1, 0.9, -0.5)
29.1: (1.1, 0.9, -0.6)
29.2: (1.1, 0.9, -0.6)
29.3: (1.1, 0.9, -0.6)
29.40001: (1.1, 0.9, -0.6)
29.50001: (1.1, 0.9, -0.6)
29.60001: (1.1, 0.9, -0.6)
29.70001: (1.1, 0.9, -0.6)
29.80001: (1.1, 0.9, -0.6)
29.90001: (1.1, 0.9, -0.6)
30.00001: (1.1, 0.9, -0.6)
30.10001: (1.1, 0.9, -0.6)
30.20001: (1.1, 0.9, -0.6)
30.30001: (1.1, 0.9, -0.6)
30.40001: (1.1, 0.9, -0.6)
30.50001: (1.1, 0.9, -0.6)
30.60001: (1.1, 0.9, -0.6)
30.70001: (1.1, 0.9, -0.5)
30.80001: (1.1, 0.9, -0.5)
30.90001: (1.1, 0.9, -0.5)
31.00001: (1.1, 0.9, -0.5)
31.10001: (1.1, 0.9, -0.5)
31.20001: (1.1, 0.9, -0.5)
31.30001: (1.1, 0.9, -0.5)
31.40001: (1.1, 0.9, -0.5)
31.50001: (1.1, 0.9, -0.5)
31.60001: (1.1, 0.9, -0.5)
31.70001: (1.1, 0.9, -0.5)
31.80001: (1.1, 0.9, -0.5)
31.90001: (1.1, 0.9, -0.5)
32.00002: (1.1, 0.9, -0.5)
32.10001: (1.1, 0.9, -0.4)
32.20001: (1.1, 0.9, -0.4)
32.30001: (1.1, 0.9, -0.4)
32.40001: (1.1, 0.9, -0.4)
32.50001: (1.1, 0.9, -0.3)
32.60001: (1.1, 0.9, -0.3)
32.7: (1.1, 0.9, -0.3)
32.8: (1.1, 0.9, -0.2)
32.9: (1.1, 0.9, -0.2)
33: (1.1, 0.9, -0.1)
33.1: (1.1, 0.9, -0.1)
33.2: (1.1, 0.9, -0.1)
33.3: (1.1, 0.9, -0.1)
33.39999: (1.1, 0.9, -0.1)
33.49999: (1.1, 0.9, -0.1)
33.59999: (1.1, 0.9, -0.1)
33.69999: (1.1, 0.9, -0.1)
33.79999: (1.1, 0.9, -0.1)
33.89999: (1.1, 0.9, -0.1)
33.99998: (1.1, 0.9, -0.1)
34.09998: (1.1, 0.9, -0.1)
34.19998: (1.1, 0.9, -0.1)
34.29998: (1.1, 0.9, -0.1)
34.39998: (1.1, 0.9, -0.1)
34.49998: (1.1, 0.9, -0.1)
34.59998: (1.1, 0.9, -0.1)
34.69997: (1.1, 0.9, -0.1)
34.79997: (1.1, 0.9, -0.1)
34.89997: (1.1, 0.9, -0.1)
34.99997: (1.1, 0.9, -0.1)
35.09997: (1.1, 0.9, -0.1)
35.19997: (1.1, 0.9, -0.1)
35.29996: (1.1, 0.9, -0.1)
35.39996: (1.1, 0.9, -0.1)
35.49996: (1.1, 0.9, -0.1)
35.59996: (1.1, 0.9, -0.1)
35.69996: (1.1, 0.9, -0.1)
35.79996: (1.1, 0.9, -0.1)
leftLeg
28: (1.1, 0.5, -0.5)
28.1: (1.1, 0.5, -0.5)
28.2: (1.1, 0.5, -0.5)
28.3: (1.1, 0.5, -0.5)
28.4: (1.1, 0.5, -0.5)
28.5: (1.1, 0.5, -0.5)
28.6: (1.1, 0.5, -0.5)
28.7: (1.1, 0.5, -0.5)
28.8: (1.1, 0.5, -0.6)
28.9: (1.1, 0.5, -0.6)
29: (1.1, 0.5, -0.6)
29.1: (1.1, 0.5, -0.6)
29.2: (1.1, 0.5, -0.6)
29.3: (1.1, 0.5, -0.6)
29.40001: (1.1, 0.5, -0.6)
29.50001: (1.1, 0.5, -0.6)
29.60001: (1.1, 0.5, -0.6)
29.70001: (1.1, 0.5, -0.6)
29.80001: (1.1, 0.5, -0.6)
29.90001: (1.1, 0.5, -0.6)
30.00001: (1.1, 0.5, -0.6)
30.10001: (1.1, 0.5, -0.6)
30.20001: (1.1, 0.5, -0.6)
30.30001: (1.1, 0.5, -0.6)
30.40001: (1.1, 0.5, -0.6)
30.50001: (1.1, 0.5, -0.6)
30.60001: (1.1, 0.5, -0.6)
30.70001: (1.1, 0.5, -0.6)
30.80001: (1.1, 0.5, -0.6)
30.90001: (1.1, 0.5, -0.6)
31.00001: (1.1, 0.5, -0.6)
31.10001: (1.1, 0.5, -0.6)
31.20001: (1.1, 0.5, -0.6)
31.30001: (1.1, 0.5, -0.6)
31.40001: (1.1, 0.5, -0.6)
31.50001: (1.1, 0.5, -0.6)
31.60001: (1.1, 0.5, -0.6)
31.70001: (1.1, 0.5, -0.5)
31.80001: (1.0, 0.5, -0.5)
31.90001: (1.0, 0.5, -0.4)
32.00002: (1.0, 0.5, -0.4)
32.10001: (1.0, 0.5, -0.3)
32.20001: (1.1, 0.5, -0.3)
32.30001: (1.1, 0.5, -0.3)
32.40001: (1.1, 0.5, -0.2)
32.50001: (1.1, 0.5, -0.2)
32.60001: (1.1, 0.5, -0.2)
32.7: (1.1, 0.5, -0.2)
32.8: (1.1, 0.5, -0.1)
32.9: (1.1, 0.5, -0.1)
33: (1.1, 0.5, -0.1)
33.1: (1.1, 0.5, -0.1)
33.2: (1.1, 0.5, -0.1)
33.3: (1.1, 0.5, -0.1)
33.39999: (1.1, 0.5, -0.1)
33.49999: (1.1, 0.5, -0.1)
33.59999: (1.1, 0.5, -0.1)
33.69999: (1.1, 0.5, -0.1)
33.79999: (1.1, 0.5, -0.1)
33.89999: (1.1, 0.5, -0.1)
33.99998: (1.1, 0.5, -0.1)
34.09998: (1.1, 0.5, -0.1)
34.19998: (1.1, 0.5, -0.1)
34.29998: (1.1, 0.5, -0.1)
34.39998: (1.1, 0.5, -0.1)
34.49998: (1.1, 0.5, 0.0)
34.59998: (1.1, 0.5, 0.0)
34.69997: (1.1, 0.5, 0.0)
34.79997: (1.1, 0.5, 0.0)
34.89997: (1.1, 0.5, 0.0)
34.99997: (1.1, 0.5, 0.0)
35.09997: (1.1, 0.5, 0.0)
35.19997: (1.1, 0.5, 0.0)
35.29996: (1.1, 0.5, 0.0)
35.39996: (1.1, 0.5, 0.0)
35.49996: (1.1, 0.5, 0.0)
35.59996: (1.1, 0.5, 0.0)
35.69996: (1.1, 0.5, 0.0)
35.79996: (1.1, 0.5, 0.0)
leftFoot
28: (1.1, 0.1, -0.6)
28.1: (1.2, 0.1, -0.7)
28.2: (1.2, 0.1, -0.7)
28.3: (1.2, 0.1, -0.6)
28.4: (1.2, 0.1, -0.6)
28.5: (1.2, 0.1, -0.6)
28.6: (1.2, 0.1, -0.6)
28.7: (1.2, 0.1, -0.6)
28.8: (1.2, 0.1, -0.6)
28.9: (1.2, 0.1, -0.6)
29: (1.2, 0.1, -0.6)
29.1: (1.2, 0.1, -0.6)
29.2: (1.2, 0.1, -0.6)
29.3: (1.2, 0.1, -0.7)
29.40001: (1.2, 0.1, -0.7)
29.50001: (1.2, 0.1, -0.6)
29.60001: (1.2, 0.1, -0.6)
29.70001: (1.2, 0.1, -0.6)
29.80001: (1.2, 0.1, -0.6)
29.90001: (1.2, 0.1, -0.7)
30.00001: (1.2, 0.1, -0.7)
30.10001: (1.2, 0.1, -0.6)
30.20001: (1.2, 0.1, -0.6)
30.30001: (1.2, 0.1, -0.7)
30.40001: (1.2, 0.1, -0.7)
30.50001: (1.2, 0.1, -0.6)
30.60001: (1.2, 0.1, -0.6)
30.70001: (1.2, 0.1, -0.6)
30.80001: (1.2, 0.1, -0.6)
30.90001: (1.2, 0.1, -0.6)
31.00001: (1.2, 0.1, -0.6)
31.10001: (1.2, 0.1, -0.7)
31.20001: (1.2, 0.1, -0.7)
31.30001: (1.2, 0.1, -0.6)
31.40001: (1.2, 0.1, -0.6)
31.50001: (1.2, 0.1, -0.7)
31.60001: (1.2, 0.1, -0.7)
31.70001: (1.2, 0.1, -0.7)
31.80001: (1.1, 0.2, -0.7)
31.90001: (1.1, 0.2, -0.6)
32.00002: (1.0, 0.1, -0.5)
32.10001: (1.1, 0.1, -0.4)
32.20001: (1.1, 0.1, -0.2)
32.30001: (1.1, 0.1, -0.2)
32.40001: (1.1, 0.1, -0.1)
32.50001: (1.2, 0.1, -0.1)
32.60001: (1.2, 0.1, -0.1)
32.7: (1.2, 0.1, -0.1)
32.8: (1.2, 0.1, -0.1)
32.9: (1.2, 0.1, -0.1)
33: (1.2, 0.1, -0.1)
33.1: (1.2, 0.1, -0.1)
33.2: (1.2, 0.1, -0.1)
33.3: (1.2, 0.1, -0.1)
33.39999: (1.2, 0.1, -0.1)
33.49999: (1.2, 0.1, -0.1)
33.59999: (1.2, 0.1, -0.1)
33.69999: (1.2, 0.1, -0.1)
33.79999: (1.2, 0.1, -0.1)
33.89999: (1.2, 0.1, -0.1)
33.99998: (1.2, 0.1, -0.1)
34.09998: (1.2, 0.1, -0.1)
34.19998: (1.2, 0.1, -0.1)
34.29998: (1.2, 0.1, -0.1)
34.39998: (1.2, 0.1, -0.1)
34.49998: (1.2, 0.1, -0.1)
34.59998: (1.2, 0.1, -0.1)
34.69997: (1.2, 0.1, -0.1)
34.79997: (1.2, 0.1, -0.1)
34.89997: (1.2, 0.1, -0.1)
34.99997: (1.2, 0.1, -0.1)
35.09997: (1.2, 0.1, -0.1)
35.19997: (1.2, 0.1, -0.1)
35.29996: (1.2, 0.1, -0.1)
35.39996: (1.2, 0.1, -0.1)
35.49996: (1.2, 0.1, -0.1)
35.59996: (1.2, 0.1, -0.1)
35.69996: (1.2, 0.1, -0.1)
35.79996: (1.2, 0.1, -0.1)
leftToeBase
28: (1.0, 0.1, -0.5)
28.1: (1.0, 0.1, -0.6)
28.2: (1.0, 0.1, -0.6)
28.3: (1.0, 0.1, -0.6)
28.4: (1.0, 0.1, -0.6)
28.5: (1.0, 0.1, -0.6)
28.6: (1.1, 0.1, -0.6)
28.7: (1.1, 0.1, -0.6)
28.8: (1.1, 0.1, -0.6)
28.9: (1.1, 0.1, -0.6)
29: (1.1, 0.1, -0.6)
29.1: (1.1, 0.1, -0.6)
29.2: (1.1, 0.1, -0.6)
29.3: (1.1, 0.1, -0.6)
29.40001: (1.1, 0.1, -0.6)
29.50001: (1.1, 0.1, -0.6)
29.60001: (1.1, 0.1, -0.6)
29.70001: (1.1, 0.1, -0.6)
29.80001: (1.1, 0.1, -0.6)
29.90001: (1.1, 0.1, -0.6)
30.00001: (1.1, 0.1, -0.6)
30.10001: (1.1, 0.1, -0.6)
30.20001: (1.1, 0.1, -0.6)
30.30001: (1.1, 0.1, -0.6)
30.40001: (1.1, 0.1, -0.6)
30.50001: (1.1, 0.1, -0.6)
30.60001: (1.1, 0.1, -0.6)
30.70001: (1.1, 0.1, -0.6)
30.80001: (1.1, 0.1, -0.6)
30.90001: (1.1, 0.1, -0.6)
31.00001: (1.1, 0.1, -0.6)
31.10001: (1.1, 0.1, -0.6)
31.20001: (1.1, 0.1, -0.6)
31.30001: (1.0, 0.1, -0.6)
31.40001: (1.0, 0.1, -0.6)
31.50001: (1.0, 0.1, -0.6)
31.60001: (1.0, 0.1, -0.6)
31.70001: (1.0, 0.1, -0.6)
31.80001: (1.0, 0.1, -0.6)
31.90001: (1.0, 0.1, -0.5)
32.00002: (1.0, 0.1, -0.4)
32.10001: (1.0, 0.1, -0.2)
32.20001: (1.0, 0.1, -0.1)
32.30001: (1.0, 0.1, 0.0)
32.40001: (1.1, 0.1, 0.0)
32.50001: (1.1, 0.1, 0.0)
32.60001: (1.1, 0.1, 0.0)
32.7: (1.1, 0.1, 0.0)
32.8: (1.1, 0.1, 0.0)
32.9: (1.1, 0.1, 0.1)
33: (1.1, 0.1, 0.0)
33.1: (1.1, 0.1, 0.0)
33.2: (1.1, 0.1, 0.1)
33.3: (1.1, 0.1, 0.0)
33.39999: (1.1, 0.1, 0.0)
33.49999: (1.1, 0.1, 0.0)
33.59999: (1.1, 0.1, 0.1)
33.69999: (1.1, 0.1, 0.1)
33.79999: (1.1, 0.1, 0.1)
33.89999: (1.1, 0.1, 0.1)
33.99998: (1.1, 0.1, 0.1)
34.09998: (1.1, 0.1, 0.1)
34.19998: (1.1, 0.1, 0.1)
34.29998: (1.1, 0.1, 0.1)
34.39998: (1.1, 0.1, 0.1)
34.49998: (1.1, 0.1, 0.1)
34.59998: (1.1, 0.1, 0.1)
34.69997: (1.1, 0.1, 0.1)
34.79997: (1.1, 0.1, 0.1)
34.89997: (1.1, 0.1, 0.1)
34.99997: (1.1, 0.1, 0.1)
35.09997: (1.1, 0.1, 0.1)
35.19997: (1.1, 0.1, 0.1)
35.29996: (1.1, 0.1, 0.1)
35.39996: (1.1, 0.1, 0.1)
35.49996: (1.1, 0.1, 0.1)
35.59996: (1.1, 0.1, 0.1)
35.69996: (1.1, 0.1, 0.1)
35.79996: (1.1, 0.1, 0.1)
rightUpLeg
28: (1.3, 0.9, -0.3)
28.1: (1.3, 0.9, -0.3)
28.2: (1.3, 0.9, -0.3)
28.3: (1.3, 0.9, -0.3)
28.4: (1.3, 0.9, -0.4)
28.5: (1.3, 0.9, -0.4)
28.6: (1.3, 0.9, -0.4)
28.7: (1.3, 0.9, -0.4)
28.8: (1.3, 0.9, -0.4)
28.9: (1.3, 0.9, -0.5)
29: (1.3, 0.9, -0.5)
29.1: (1.3, 0.9, -0.5)
29.2: (1.3, 0.9, -0.5)
29.3: (1.3, 0.9, -0.6)
29.40001: (1.3, 0.9, -0.6)
29.50001: (1.3, 0.9, -0.6)
29.60001: (1.3, 0.9, -0.6)
29.70001: (1.3, 0.9, -0.6)
29.80001: (1.3, 0.9, -0.5)
29.90001: (1.3, 0.9, -0.5)
30.00001: (1.3, 0.9, -0.5)
30.10001: (1.3, 0.9, -0.5)
30.20001: (1.3, 0.9, -0.5)
30.30001: (1.3, 0.9, -0.5)
30.40001: (1.3, 0.9, -0.5)
30.50001: (1.3, 0.9, -0.5)
30.60001: (1.3, 0.9, -0.5)
30.70001: (1.3, 0.9, -0.5)
30.80001: (1.3, 0.9, -0.5)
30.90001: (1.3, 0.9, -0.5)
31.00001: (1.3, 0.9, -0.5)
31.10001: (1.3, 0.9, -0.5)
31.20001: (1.3, 0.9, -0.5)
31.30001: (1.3, 0.9, -0.5)
31.40001: (1.3, 0.9, -0.5)
31.50001: (1.3, 0.9, -0.5)
31.60001: (1.3, 0.9, -0.5)
31.70001: (1.3, 0.9, -0.5)
31.80001: (1.3, 0.9, -0.5)
31.90001: (1.3, 0.9, -0.5)
32.00002: (1.3, 0.9, -0.5)
32.10001: (1.3, 0.9, -0.5)
32.20001: (1.3, 0.9, -0.5)
32.30001: (1.3, 0.9, -0.5)
32.40001: (1.3, 0.9, -0.5)
32.50001: (1.3, 0.9, -0.4)
32.60001: (1.3, 0.9, -0.4)
32.7: (1.3, 0.9, -0.4)
32.8: (1.3, 0.9, -0.3)
32.9: (1.2, 0.9, -0.3)
33: (1.2, 0.9, -0.2)
33.1: (1.2, 0.9, -0.2)
33.2: (1.2, 0.9, -0.2)
33.3: (1.2, 0.9, -0.2)
33.39999: (1.2, 0.9, -0.2)
33.49999: (1.2, 0.9, -0.2)
33.59999: (1.2, 0.9, -0.2)
33.69999: (1.2, 0.9, -0.2)
33.79999: (1.2, 0.9, -0.2)
33.89999: (1.2, 0.9, -0.2)
33.99998: (1.2, 0.9, -0.2)
34.09998: (1.2, 0.9, -0.2)
34.19998: (1.2, 0.9, -0.2)
34.29998: (1.2, 0.9, -0.2)
34.39998: (1.2, 0.9, -0.2)
34.49998: (1.2, 0.9, -0.2)
34.59998: (1.2, 0.9, -0.2)
34.69997: (1.2, 0.9, -0.2)
34.79997: (1.2, 0.9, -0.2)
34.89997: (1.2, 0.9, -0.2)
34.99997: (1.2, 0.9, -0.2)
35.09997: (1.2, 0.9, -0.2)
35.19997: (1.2, 0.9, -0.2)
35.29996: (1.2, 0.9, -0.2)
35.39996: (1.2, 0.9, -0.2)
35.49996: (1.2, 0.9, -0.2)
35.59996: (1.2, 0.9, -0.2)
35.69996: (1.2, 0.9, -0.2)
35.79996: (1.2, 0.9, -0.2)
rightLeg
28: (1.2, 0.5, -0.3)
28.1: (1.2, 0.5, -0.3)
28.2: (1.2, 0.5, -0.3)
28.3: (1.2, 0.5, -0.3)
28.4: (1.2, 0.5, -0.3)
28.5: (1.2, 0.5, -0.4)
28.6: (1.2, 0.5, -0.4)
28.7: (1.2, 0.5, -0.4)
28.8: (1.2, 0.5, -0.4)
28.9: (1.2, 0.5, -0.4)
29: (1.2, 0.5, -0.4)
29.1: (1.2, 0.5, -0.4)
29.2: (1.2, 0.5, -0.4)
29.3: (1.2, 0.5, -0.5)
29.40001: (1.2, 0.5, -0.5)
29.50001: (1.2, 0.5, -0.5)
29.60001: (1.2, 0.5, -0.5)
29.70001: (1.2, 0.5, -0.5)
29.80001: (1.2, 0.5, -0.5)
29.90001: (1.2, 0.5, -0.5)
30.00001: (1.2, 0.5, -0.5)
30.10001: (1.2, 0.5, -0.5)
30.20001: (1.2, 0.5, -0.5)
30.30001: (1.2, 0.5, -0.5)
30.40001: (1.2, 0.5, -0.5)
30.50001: (1.2, 0.5, -0.5)
30.60001: (1.2, 0.5, -0.5)
30.70001: (1.2, 0.5, -0.5)
30.80001: (1.2, 0.5, -0.5)
30.90001: (1.2, 0.5, -0.5)
31.00001: (1.2, 0.5, -0.5)
31.10001: (1.2, 0.5, -0.5)
31.20001: (1.2, 0.5, -0.5)
31.30001: (1.2, 0.5, -0.5)
31.40001: (1.2, 0.5, -0.5)
31.50001: (1.2, 0.5, -0.5)
31.60001: (1.2, 0.5, -0.5)
31.70001: (1.2, 0.5, -0.5)
31.80001: (1.2, 0.5, -0.5)
31.90001: (1.2, 0.5, -0.5)
32.00002: (1.2, 0.5, -0.5)
32.10001: (1.2, 0.5, -0.5)
32.20001: (1.3, 0.5, -0.5)
32.30001: (1.3, 0.5, -0.5)
32.40001: (1.3, 0.5, -0.5)
32.50001: (1.3, 0.5, -0.4)
32.60001: (1.3, 0.5, -0.4)
32.7: (1.2, 0.5, -0.4)
32.8: (1.2, 0.5, -0.4)
32.9: (1.2, 0.5, -0.3)
33: (1.2, 0.5, -0.3)
33.1: (1.2, 0.5, -0.2)
33.2: (1.2, 0.5, -0.2)
33.3: (1.2, 0.5, -0.2)
33.39999: (1.2, 0.5, -0.2)
33.49999: (1.2, 0.5, -0.2)
33.59999: (1.2, 0.5, -0.2)
33.69999: (1.2, 0.5, -0.2)
33.79999: (1.2, 0.5, -0.2)
33.89999: (1.2, 0.5, -0.2)
33.99998: (1.2, 0.5, -0.2)
34.09998: (1.2, 0.5, -0.2)
34.19998: (1.2, 0.5, -0.2)
34.29998: (1.2, 0.5, -0.2)
34.39998: (1.2, 0.5, -0.2)
34.49998: (1.2, 0.5, -0.2)
34.59998: (1.2, 0.5, -0.2)
34.69997: (1.2, 0.5, -0.2)
34.79997: (1.2, 0.5, -0.2)
34.89997: (1.2, 0.5, -0.2)
34.99997: (1.2, 0.5, -0.2)
35.09997: (1.2, 0.5, -0.2)
35.19997: (1.2, 0.5, -0.2)
35.29996: (1.2, 0.5, -0.2)
35.39996: (1.2, 0.5, -0.2)
35.49996: (1.2, 0.5, -0.2)
35.59996: (1.2, 0.5, -0.2)
35.69996: (1.2, 0.5, -0.2)
35.79996: (1.2, 0.5, -0.2)
rightFoot
28: (1.2, 0.1, -0.4)
28.1: (1.2, 0.1, -0.4)
28.2: (1.2, 0.1, -0.4)
28.3: (1.2, 0.1, -0.4)
28.4: (1.2, 0.1, -0.4)
28.5: (1.2, 0.1, -0.4)
28.6: (1.2, 0.1, -0.4)
28.7: (1.2, 0.1, -0.4)
28.8: (1.2, 0.1, -0.4)
28.9: (1.2, 0.1, -0.4)
29: (1.2, 0.1, -0.4)
29.1: (1.2, 0.1, -0.4)
29.2: (1.2, 0.1, -0.4)
29.3: (1.2, 0.1, -0.5)
29.40001: (1.2, 0.1, -0.5)
29.50001: (1.2, 0.1, -0.5)
29.60001: (1.2, 0.1, -0.5)
29.70001: (1.2, 0.1, -0.5)
29.80001: (1.2, 0.1, -0.5)
29.90001: (1.2, 0.1, -0.5)
30.00001: (1.2, 0.1, -0.5)
30.10001: (1.2, 0.1, -0.5)
30.20001: (1.2, 0.1, -0.5)
30.30001: (1.2, 0.1, -0.5)
30.40001: (1.2, 0.1, -0.5)
30.50001: (1.2, 0.1, -0.5)
30.60001: (1.2, 0.1, -0.5)
30.70001: (1.2, 0.1, -0.5)
30.80001: (1.2, 0.1, -0.5)
30.90001: (1.2, 0.1, -0.5)
31.00001: (1.2, 0.1, -0.5)
31.10001: (1.2, 0.1, -0.5)
31.20001: (1.2, 0.1, -0.5)
31.30001: (1.2, 0.1, -0.5)
31.40001: (1.2, 0.1, -0.5)
31.50001: (1.2, 0.1, -0.5)
31.60001: (1.2, 0.1, -0.5)
31.70001: (1.2, 0.1, -0.5)
31.80001: (1.2, 0.1, -0.5)
31.90001: (1.2, 0.1, -0.5)
32.00002: (1.2, 0.1, -0.5)
32.10001: (1.2, 0.1, -0.5)
32.20001: (1.2, 0.1, -0.5)
32.30001: (1.2, 0.1, -0.5)
32.40001: (1.2, 0.1, -0.5)
32.50001: (1.2, 0.1, -0.5)
32.60001: (1.2, 0.1, -0.5)
32.7: (1.2, 0.1, -0.5)
32.8: (1.1, 0.1, -0.5)
32.9: (1.1, 0.1, -0.5)
33: (1.1, 0.1, -0.4)
33.1: (1.1, 0.1, -0.3)
33.2: (1.1, 0.1, -0.2)
33.3: (1.1, 0.1, -0.2)
33.39999: (1.1, 0.1, -0.2)
33.49999: (1.1, 0.1, -0.2)
33.59999: (1.1, 0.1, -0.2)
33.69999: (1.1, 0.1, -0.2)
33.79999: (1.1, 0.1, -0.2)
33.89999: (1.1, 0.1, -0.2)
33.99998: (1.1, 0.1, -0.2)
34.09998: (1.1, 0.1, -0.2)
34.19998: (1.1, 0.1, -0.2)
34.29998: (1.1, 0.1, -0.2)
34.39998: (1.1, 0.1, -0.2)
34.49998: (1.1, 0.1, -0.2)
34.59998: (1.1, 0.1, -0.2)
34.69997: (1.1, 0.1, -0.2)
34.79997: (1.1, 0.1, -0.2)
34.89997: (1.1, 0.1, -0.2)
34.99997: (1.1, 0.1, -0.2)
35.09997: (1.1, 0.1, -0.2)
35.19997: (1.1, 0.1, -0.2)
35.29996: (1.1, 0.1, -0.2)
35.39996: (1.1, 0.1, -0.2)
35.49996: (1.1, 0.1, -0.2)
35.59996: (1.1, 0.1, -0.2)
35.69996: (1.1, 0.1, -0.2)
35.79996: (1.1, 0.1, -0.2)
rightToeBase
28: (1.2, 0.1, -0.3)
28.1: (1.2, 0.1, -0.3)
28.2: (1.2, 0.1, -0.3)
28.3: (1.2, 0.1, -0.3)
28.4: (1.2, 0.1, -0.3)
28.5: (1.2, 0.1, -0.3)
28.6: (1.2, 0.1, -0.3)
28.7: (1.2, 0.1, -0.3)
28.8: (1.2, 0.1, -0.3)
28.9: (1.2, 0.1, -0.3)
29: (1.2, 0.1, -0.3)
29.1: (1.2, 0.1, -0.3)
29.2: (1.2, 0.1, -0.3)
29.3: (1.2, 0.1, -0.3)
29.40001: (1.2, 0.1, -0.3)
29.50001: (1.2, 0.1, -0.4)
29.60001: (1.2, 0.1, -0.4)
29.70001: (1.2, 0.1, -0.4)
29.80001: (1.2, 0.1, -0.4)
29.90001: (1.2, 0.1, -0.4)
30.00001: (1.2, 0.1, -0.4)
30.10001: (1.2, 0.1, -0.4)
30.20001: (1.2, 0.1, -0.4)
30.30001: (1.2, 0.1, -0.4)
30.40001: (1.2, 0.1, -0.4)
30.50001: (1.2, 0.1, -0.4)
30.60001: (1.2, 0.1, -0.4)
30.70001: (1.2, 0.1, -0.4)
30.80001: (1.2, 0.1, -0.4)
30.90001: (1.2, 0.1, -0.4)
31.00001: (1.2, 0.1, -0.4)
31.10001: (1.2, 0.1, -0.4)
31.20001: (1.2, 0.1, -0.4)
31.30001: (1.2, 0.1, -0.4)
31.40001: (1.2, 0.1, -0.4)
31.50001: (1.2, 0.1, -0.4)
31.60001: (1.2, 0.1, -0.4)
31.70001: (1.2, 0.1, -0.4)
31.80001: (1.2, 0.1, -0.4)
31.90001: (1.2, 0.1, -0.4)
32.00002: (1.2, 0.1, -0.4)
32.10001: (1.2, 0.1, -0.4)
32.20001: (1.2, 0.1, -0.4)
32.30001: (1.2, 0.1, -0.4)
32.40001: (1.2, 0.1, -0.4)
32.50001: (1.2, 0.1, -0.4)
32.60001: (1.2, 0.1, -0.4)
32.7: (1.2, 0.1, -0.4)
32.8: (1.2, 0.1, -0.4)
32.9: (1.2, 0.1, -0.4)
33: (1.2, 0.1, -0.4)
33.1: (1.2, 0.1, -0.3)
33.2: (1.2, 0.1, -0.2)
33.3: (1.2, 0.1, -0.2)
33.39999: (1.2, 0.1, -0.2)
33.49999: (1.2, 0.1, -0.2)
33.59999: (1.2, 0.1, -0.2)
33.69999: (1.2, 0.1, -0.2)
33.79999: (1.2, 0.1, -0.2)
33.89999: (1.2, 0.1, -0.2)
33.99998: (1.2, 0.1, -0.2)
34.09998: (1.2, 0.1, -0.2)
34.19998: (1.2, 0.1, -0.2)
34.29998: (1.2, 0.1, -0.2)
34.39998: (1.2, 0.1, -0.2)
34.49998: (1.2, 0.1, -0.2)
34.59998: (1.2, 0.1, -0.2)
34.69997: (1.2, 0.1, -0.2)
34.79997: (1.2, 0.1, -0.2)
34.89997: (1.2, 0.1, -0.2)
34.99997: (1.2, 0.1, -0.2)
35.09997: (1.2, 0.1, -0.2)
35.19997: (1.2, 0.1, -0.2)
35.29996: (1.2, 0.1, -0.2)
35.39996: (1.2, 0.1, -0.2)
35.49996: (1.2, 0.1, -0.2)
35.59996: (1.2, 0.1, -0.2)
35.69996: (1.2, 0.1, -0.2)
35.79996: (1.2, 0.1, -0.2)
spine
28: (1.2, 1.0, -0.4)
28.1: (1.2, 1.0, -0.4)
28.2: (1.2, 1.0, -0.4)
28.3: (1.2, 1.0, -0.4)
28.4: (1.2, 1.0, -0.4)
28.5: (1.2, 1.0, -0.4)
28.6: (1.2, 1.0, -0.4)
28.7: (1.2, 1.0, -0.5)
28.8: (1.2, 1.0, -0.5)
28.9: (1.2, 1.0, -0.5)
29: (1.2, 1.0, -0.5)
29.1: (1.2, 1.0, -0.6)
29.2: (1.2, 1.0, -0.6)
29.3: (1.2, 1.0, -0.6)
29.40001: (1.2, 1.0, -0.6)
29.50001: (1.2, 1.0, -0.6)
29.60001: (1.2, 1.0, -0.6)
29.70001: (1.2, 1.0, -0.6)
29.80001: (1.2, 1.0, -0.6)
29.90001: (1.2, 1.0, -0.6)
30.00001: (1.2, 1.0, -0.6)
30.10001: (1.2, 1.0, -0.6)
30.20001: (1.2, 1.0, -0.6)
30.30001: (1.2, 1.0, -0.6)
30.40001: (1.2, 1.0, -0.6)
30.50001: (1.2, 1.0, -0.6)
30.60001: (1.2, 1.0, -0.6)
30.70001: (1.2, 1.0, -0.6)
30.80001: (1.2, 1.0, -0.6)
30.90001: (1.2, 1.0, -0.6)
31.00001: (1.2, 1.0, -0.6)
31.10001: (1.2, 1.0, -0.6)
31.20001: (1.2, 1.0, -0.6)
31.30001: (1.2, 1.0, -0.5)
31.40001: (1.2, 1.0, -0.5)
31.50001: (1.2, 1.0, -0.5)
31.60001: (1.2, 1.0, -0.5)
31.70001: (1.2, 1.0, -0.5)
31.80001: (1.2, 1.0, -0.5)
31.90001: (1.2, 1.0, -0.5)
32.00002: (1.2, 1.0, -0.5)
32.10001: (1.2, 1.0, -0.5)
32.20001: (1.2, 1.0, -0.5)
32.30001: (1.2, 1.0, -0.5)
32.40001: (1.2, 1.0, -0.4)
32.50001: (1.2, 1.0, -0.4)
32.60001: (1.2, 1.0, -0.4)
32.7: (1.2, 1.0, -0.3)
32.8: (1.2, 1.0, -0.3)
32.9: (1.1, 1.0, -0.2)
33: (1.1, 1.0, -0.2)
33.1: (1.1, 1.0, -0.2)
33.2: (1.1, 1.0, -0.2)
33.3: (1.1, 1.0, -0.2)
33.39999: (1.1, 1.0, -0.2)
33.49999: (1.1, 1.0, -0.2)
33.59999: (1.1, 1.0, -0.2)
33.69999: (1.1, 1.0, -0.2)
33.79999: (1.1, 1.0, -0.2)
33.89999: (1.1, 1.0, -0.2)
33.99998: (1.1, 1.0, -0.2)
34.09998: (1.1, 1.0, -0.2)
34.19998: (1.1, 1.0, -0.1)
34.29998: (1.1, 1.0, -0.1)
34.39998: (1.1, 1.0, -0.1)
34.49998: (1.1, 1.0, -0.1)
34.59998: (1.1, 1.0, -0.1)
34.69997: (1.1, 1.0, -0.1)
34.79997: (1.1, 1.0, -0.1)
34.89997: (1.1, 1.0, -0.1)
34.99997: (1.1, 1.0, -0.1)
35.09997: (1.1, 1.0, -0.1)
35.19997: (1.1, 1.0, -0.1)
35.29996: (1.1, 1.0, -0.1)
35.39996: (1.1, 1.0, -0.1)
35.49996: (1.1, 1.0, -0.1)
35.59996: (1.1, 1.0, -0.1)
35.69996: (1.1, 1.0, -0.1)
35.79996: (1.1, 1.0, -0.1)
spine1
28: (1.2, 1.1, -0.4)
28.1: (1.2, 1.1, -0.4)
28.2: (1.2, 1.1, -0.4)
28.3: (1.2, 1.1, -0.4)
28.4: (1.2, 1.1, -0.4)
28.5: (1.2, 1.1, -0.4)
28.6: (1.2, 1.1, -0.4)
28.7: (1.2, 1.1, -0.5)
28.8: (1.2, 1.1, -0.5)
28.9: (1.2, 1.1, -0.5)
29: (1.2, 1.1, -0.5)
29.1: (1.2, 1.1, -0.6)
29.2: (1.2, 1.1, -0.6)
29.3: (1.2, 1.1, -0.6)
29.40001: (1.2, 1.1, -0.6)
29.50001: (1.2, 1.1, -0.6)
29.60001: (1.2, 1.1, -0.6)
29.70001: (1.2, 1.1, -0.6)
29.80001: (1.2, 1.1, -0.6)
29.90001: (1.2, 1.1, -0.6)
30.00001: (1.2, 1.1, -0.6)
30.10001: (1.2, 1.1, -0.6)
30.20001: (1.2, 1.1, -0.6)
30.30001: (1.2, 1.1, -0.6)
30.40001: (1.2, 1.1, -0.6)
30.50001: (1.2, 1.1, -0.6)
30.60001: (1.2, 1.1, -0.6)
30.70001: (1.2, 1.1, -0.6)
30.80001: (1.2, 1.1, -0.6)
30.90001: (1.2, 1.1, -0.6)
31.00001: (1.2, 1.1, -0.6)
31.10001: (1.2, 1.1, -0.5)
31.20001: (1.2, 1.1, -0.5)
31.30001: (1.2, 1.1, -0.5)
31.40001: (1.2, 1.1, -0.5)
31.50001: (1.2, 1.1, -0.5)
31.60001: (1.2, 1.1, -0.5)
31.70001: (1.2, 1.1, -0.5)
31.80001: (1.2, 1.1, -0.5)
31.90001: (1.2, 1.1, -0.5)
32.00002: (1.2, 1.1, -0.5)
32.10001: (1.2, 1.1, -0.5)
32.20001: (1.2, 1.1, -0.5)
32.30001: (1.2, 1.1, -0.5)
32.40001: (1.2, 1.1, -0.5)
32.50001: (1.2, 1.1, -0.4)
32.60001: (1.2, 1.1, -0.4)
32.7: (1.2, 1.1, -0.3)
32.8: (1.2, 1.1, -0.3)
32.9: (1.1, 1.1, -0.2)
33: (1.1, 1.1, -0.2)
33.1: (1.1, 1.1, -0.2)
33.2: (1.1, 1.1, -0.2)
33.3: (1.1, 1.1, -0.2)
33.39999: (1.1, 1.1, -0.2)
33.49999: (1.1, 1.1, -0.2)
33.59999: (1.1, 1.1, -0.2)
33.69999: (1.1, 1.1, -0.2)
33.79999: (1.1, 1.1, -0.2)
33.89999: (1.1, 1.1, -0.2)
33.99998: (1.1, 1.1, -0.2)
34.09998: (1.1, 1.1, -0.2)
34.19998: (1.1, 1.1, -0.1)
34.29998: (1.1, 1.1, -0.1)
34.39998: (1.1, 1.1, -0.1)
34.49998: (1.1, 1.1, -0.1)
34.59998: (1.1, 1.1, -0.1)
34.69997: (1.1, 1.1, -0.1)
34.79997: (1.1, 1.1, -0.1)
34.89997: (1.1, 1.1, -0.1)
34.99997: (1.1, 1.1, -0.1)
35.09997: (1.2, 1.1, -0.1)
35.19997: (1.2, 1.1, -0.1)
35.29996: (1.2, 1.1, -0.1)
35.39996: (1.2, 1.1, -0.1)
35.49996: (1.2, 1.1, -0.1)
35.59996: (1.2, 1.1, -0.1)
35.69996: (1.2, 1.1, -0.1)
35.79996: (1.2, 1.1, -0.1)
spine2
28: (1.2, 1.2, -0.3)
28.1: (1.2, 1.2, -0.4)
28.2: (1.2, 1.2, -0.4)
28.3: (1.2, 1.2, -0.4)
28.4: (1.2, 1.2, -0.4)
28.5: (1.2, 1.2, -0.4)
28.6: (1.2, 1.2, -0.4)
28.7: (1.2, 1.2, -0.5)
28.8: (1.2, 1.2, -0.5)
28.9: (1.2, 1.2, -0.5)
29: (1.2, 1.2, -0.5)
29.1: (1.2, 1.2, -0.6)
29.2: (1.2, 1.2, -0.6)
29.3: (1.2, 1.2, -0.6)
29.40001: (1.2, 1.2, -0.6)
29.50001: (1.2, 1.2, -0.6)
29.60001: (1.2, 1.2, -0.6)
29.70001: (1.2, 1.2, -0.6)
29.80001: (1.2, 1.2, -0.6)
29.90001: (1.2, 1.2, -0.6)
30.00001: (1.2, 1.2, -0.6)
30.10001: (1.2, 1.2, -0.6)
30.20001: (1.2, 1.2, -0.6)
30.30001: (1.2, 1.2, -0.6)
30.40001: (1.2, 1.2, -0.5)
30.50001: (1.2, 1.2, -0.5)
30.60001: (1.2, 1.2, -0.5)
30.70001: (1.2, 1.2, -0.5)
30.80001: (1.2, 1.2, -0.5)
30.90001: (1.2, 1.2, -0.5)
31.00001: (1.2, 1.2, -0.5)
31.10001: (1.2, 1.2, -0.5)
31.20001: (1.2, 1.2, -0.5)
31.30001: (1.2, 1.2, -0.5)
31.40001: (1.2, 1.2, -0.5)
31.50001: (1.2, 1.2, -0.5)
31.60001: (1.2, 1.2, -0.5)
31.70001: (1.2, 1.2, -0.5)
31.80001: (1.2, 1.2, -0.5)
31.90001: (1.2, 1.2, -0.5)
32.00002: (1.2, 1.2, -0.5)
32.10001: (1.2, 1.2, -0.5)
32.20001: (1.2, 1.2, -0.5)
32.30001: (1.2, 1.2, -0.5)
32.40001: (1.2, 1.2, -0.4)
32.50001: (1.2, 1.2, -0.4)
32.60001: (1.2, 1.2, -0.4)
32.7: (1.2, 1.2, -0.3)
32.8: (1.2, 1.2, -0.3)
32.9: (1.2, 1.2, -0.2)
33: (1.1, 1.2, -0.2)
33.1: (1.1, 1.2, -0.2)
33.2: (1.1, 1.2, -0.2)
33.3: (1.1, 1.2, -0.2)
33.39999: (1.1, 1.2, -0.2)
33.49999: (1.1, 1.2, -0.2)
33.59999: (1.1, 1.2, -0.2)
33.69999: (1.1, 1.2, -0.2)
33.79999: (1.1, 1.2, -0.2)
33.89999: (1.1, 1.2, -0.2)
33.99998: (1.1, 1.2, -0.1)
34.09998: (1.1, 1.2, -0.1)
34.19998: (1.1, 1.2, -0.1)
34.29998: (1.2, 1.2, -0.1)
34.39998: (1.2, 1.2, -0.1)
34.49998: (1.2, 1.2, -0.1)
34.59998: (1.2, 1.2, -0.1)
34.69997: (1.2, 1.2, -0.1)
34.79997: (1.2, 1.2, -0.1)
34.89997: (1.2, 1.2, -0.1)
34.99997: (1.2, 1.2, -0.1)
35.09997: (1.2, 1.2, -0.1)
35.19997: (1.2, 1.2, -0.1)
35.29996: (1.2, 1.2, -0.1)
35.39996: (1.2, 1.2, -0.1)
35.49996: (1.2, 1.2, -0.1)
35.59996: (1.2, 1.2, -0.1)
35.69996: (1.2, 1.2, -0.1)
35.79996: (1.2, 1.2, -0.1)
spine3
28: (1.2, 1.3, -0.3)
28.1: (1.2, 1.3, -0.3)
28.2: (1.2, 1.3, -0.4)
28.3: (1.2, 1.3, -0.4)
28.4: (1.2, 1.3, -0.4)
28.5: (1.2, 1.3, -0.4)
28.6: (1.2, 1.3, -0.4)
28.7: (1.2, 1.3, -0.5)
28.8: (1.2, 1.3, -0.5)
28.9: (1.2, 1.3, -0.5)
29: (1.2, 1.3, -0.5)
29.1: (1.2, 1.3, -0.6)
29.2: (1.2, 1.3, -0.6)
29.3: (1.2, 1.3, -0.6)
29.40001: (1.2, 1.3, -0.6)
29.50001: (1.2, 1.3, -0.6)
29.60001: (1.2, 1.3, -0.6)
29.70001: (1.2, 1.3, -0.6)
29.80001: (1.2, 1.3, -0.6)
29.90001: (1.2, 1.3, -0.6)
30.00001: (1.2, 1.3, -0.6)
30.10001: (1.2, 1.3, -0.6)
30.20001: (1.2, 1.3, -0.6)
30.30001: (1.2, 1.3, -0.6)
30.40001: (1.2, 1.3, -0.5)
30.50001: (1.2, 1.3, -0.5)
30.60001: (1.2, 1.3, -0.5)
30.70001: (1.2, 1.3, -0.5)
30.80001: (1.2, 1.3, -0.5)
30.90001: (1.2, 1.3, -0.5)
31.00001: (1.2, 1.3, -0.5)
31.10001: (1.2, 1.3, -0.5)
31.20001: (1.2, 1.3, -0.5)
31.30001: (1.2, 1.3, -0.5)
31.40001: (1.2, 1.3, -0.5)
31.50001: (1.2, 1.3, -0.5)
31.60001: (1.2, 1.3, -0.5)
31.70001: (1.2, 1.3, -0.5)
31.80001: (1.2, 1.3, -0.5)
31.90001: (1.2, 1.3, -0.5)
32.00002: (1.2, 1.3, -0.5)
32.10001: (1.2, 1.3, -0.5)
32.20001: (1.2, 1.3, -0.5)
32.30001: (1.2, 1.3, -0.5)
32.40001: (1.2, 1.3, -0.4)
32.50001: (1.2, 1.3, -0.4)
32.60001: (1.2, 1.3, -0.4)
32.7: (1.2, 1.3, -0.3)
32.8: (1.2, 1.3, -0.3)
32.9: (1.2, 1.3, -0.2)
33: (1.2, 1.3, -0.2)
33.1: (1.1, 1.3, -0.2)
33.2: (1.1, 1.3, -0.2)
33.3: (1.1, 1.3, -0.2)
33.39999: (1.1, 1.3, -0.2)
33.49999: (1.1, 1.3, -0.2)
33.59999: (1.1, 1.3, -0.2)
33.69999: (1.1, 1.3, -0.2)
33.79999: (1.1, 1.3, -0.1)
33.89999: (1.1, 1.3, -0.1)
33.99998: (1.2, 1.3, -0.1)
34.09998: (1.2, 1.3, -0.1)
34.19998: (1.2, 1.3, -0.1)
34.29998: (1.2, 1.3, -0.1)
34.39998: (1.2, 1.3, -0.1)
34.49998: (1.2, 1.3, -0.1)
34.59998: (1.2, 1.3, -0.1)
34.69997: (1.2, 1.3, -0.1)
34.79997: (1.2, 1.3, -0.1)
34.89997: (1.2, 1.3, -0.1)
34.99997: (1.2, 1.3, -0.1)
35.09997: (1.2, 1.3, -0.1)
35.19997: (1.2, 1.3, -0.1)
35.29996: (1.2, 1.3, -0.1)
35.39996: (1.2, 1.3, -0.1)
35.49996: (1.2, 1.3, -0.1)
35.59996: (1.2, 1.3, -0.1)
35.69996: (1.2, 1.3, -0.1)
35.79996: (1.2, 1.3, -0.1)
leftShoulder
28: (1.2, 1.4, -0.3)
28.1: (1.2, 1.4, -0.3)
28.2: (1.2, 1.4, -0.3)
28.3: (1.2, 1.4, -0.3)
28.4: (1.2, 1.4, -0.3)
28.5: (1.2, 1.4, -0.3)
28.6: (1.2, 1.4, -0.4)
28.7: (1.2, 1.4, -0.4)
28.8: (1.2, 1.4, -0.4)
28.9: (1.2, 1.4, -0.5)
29: (1.2, 1.4, -0.5)
29.1: (1.2, 1.4, -0.5)
29.2: (1.2, 1.4, -0.5)
29.3: (1.2, 1.4, -0.5)
29.40001: (1.2, 1.4, -0.5)
29.50001: (1.2, 1.4, -0.6)
29.60001: (1.2, 1.4, -0.5)
29.70001: (1.2, 1.4, -0.5)
29.80001: (1.2, 1.4, -0.5)
29.90001: (1.2, 1.4, -0.5)
30.00001: (1.2, 1.4, -0.5)
30.10001: (1.2, 1.4, -0.5)
30.20001: (1.2, 1.4, -0.5)
30.30001: (1.2, 1.4, -0.5)
30.40001: (1.2, 1.4, -0.5)
30.50001: (1.2, 1.4, -0.5)
30.60001: (1.2, 1.4, -0.5)
30.70001: (1.2, 1.4, -0.5)
30.80001: (1.2, 1.4, -0.5)
30.90001: (1.2, 1.4, -0.5)
31.00001: (1.2, 1.4, -0.5)
31.10001: (1.2, 1.4, -0.5)
31.20001: (1.2, 1.4, -0.5)
31.30001: (1.2, 1.4, -0.5)
31.40001: (1.2, 1.4, -0.5)
31.50001: (1.2, 1.4, -0.5)
31.60001: (1.2, 1.4, -0.5)
31.70001: (1.2, 1.4, -0.5)
31.80001: (1.2, 1.4, -0.5)
31.90001: (1.2, 1.4, -0.5)
32.00002: (1.2, 1.4, -0.5)
32.10001: (1.2, 1.4, -0.4)
32.20001: (1.2, 1.4, -0.4)
32.30001: (1.2, 1.4, -0.4)
32.40001: (1.2, 1.4, -0.4)
32.50001: (1.2, 1.4, -0.4)
32.60001: (1.2, 1.4, -0.3)
32.7: (1.2, 1.4, -0.3)
32.8: (1.2, 1.4, -0.2)
32.9: (1.2, 1.4, -0.2)
33: (1.2, 1.4, -0.2)
33.1: (1.2, 1.4, -0.1)
33.2: (1.2, 1.4, -0.1)
33.3: (1.2, 1.4, -0.1)
33.39999: (1.2, 1.4, -0.1)
33.49999: (1.2, 1.4, -0.1)
33.59999: (1.2, 1.4, -0.1)
33.69999: (1.2, 1.4, -0.1)
33.79999: (1.2, 1.4, -0.1)
33.89999: (1.2, 1.4, -0.1)
33.99998: (1.2, 1.4, -0.1)
34.09998: (1.2, 1.4, -0.1)
34.19998: (1.2, 1.4, -0.1)
34.29998: (1.2, 1.4, -0.1)
34.39998: (1.2, 1.4, -0.1)
34.49998: (1.2, 1.4, -0.1)
34.59998: (1.2, 1.4, -0.1)
34.69997: (1.2, 1.4, -0.1)
34.79997: (1.2, 1.4, -0.1)
34.89997: (1.2, 1.4, -0.1)
34.99997: (1.2, 1.4, -0.1)
35.09997: (1.2, 1.4, -0.1)
35.19997: (1.2, 1.4, -0.1)
35.29996: (1.2, 1.4, -0.1)
35.39996: (1.2, 1.4, -0.1)
35.49996: (1.2, 1.4, -0.1)
35.59996: (1.2, 1.4, -0.1)
35.69996: (1.2, 1.4, -0.1)
35.79996: (1.2, 1.4, -0.1)
leftArm
28: (1.0, 1.4, -0.3)
28.1: (1.0, 1.4, -0.4)
28.2: (1.0, 1.4, -0.4)
28.3: (1.0, 1.4, -0.4)
28.4: (1.0, 1.4, -0.4)
28.5: (1.0, 1.4, -0.4)
28.6: (1.0, 1.4, -0.5)
28.7: (1.0, 1.4, -0.5)
28.8: (1.0, 1.4, -0.5)
28.9: (1.0, 1.4, -0.5)
29: (1.0, 1.4, -0.6)
29.1: (1.0, 1.4, -0.6)
29.2: (1.0, 1.4, -0.6)
29.3: (1.0, 1.4, -0.6)
29.40001: (1.0, 1.4, -0.6)
29.50001: (1.0, 1.4, -0.6)
29.60001: (1.0, 1.4, -0.6)
29.70001: (1.0, 1.4, -0.6)
29.80001: (1.0, 1.4, -0.6)
29.90001: (1.0, 1.4, -0.6)
30.00001: (1.0, 1.4, -0.6)
30.10001: (1.0, 1.4, -0.6)
30.20001: (1.0, 1.4, -0.6)
30.30001: (1.0, 1.4, -0.6)
30.40001: (1.0, 1.4, -0.6)
30.50001: (1.0, 1.4, -0.6)
30.60001: (1.0, 1.4, -0.6)
30.70001: (1.0, 1.4, -0.6)
30.80001: (1.0, 1.4, -0.6)
30.90001: (1.0, 1.4, -0.6)
31.00001: (1.0, 1.4, -0.6)
31.10001: (1.0, 1.4, -0.6)
31.20001: (1.0, 1.4, -0.6)
31.30001: (1.0, 1.4, -0.6)
31.40001: (1.0, 1.4, -0.6)
31.50001: (1.0, 1.4, -0.5)
31.60001: (1.0, 1.4, -0.5)
31.70001: (1.0, 1.4, -0.5)
31.80001: (1.0, 1.4, -0.5)
31.90001: (1.0, 1.4, -0.5)
32.00002: (1.0, 1.4, -0.5)
32.10001: (1.0, 1.4, -0.5)
32.20001: (1.0, 1.4, -0.4)
32.30001: (1.0, 1.4, -0.4)
32.40001: (1.0, 1.4, -0.4)
32.50001: (1.0, 1.4, -0.3)
32.60001: (1.0, 1.4, -0.3)
32.7: (1.0, 1.4, -0.2)
32.8: (1.0, 1.4, -0.2)
32.9: (1.0, 1.4, -0.1)
33: (1.0, 1.4, -0.1)
33.1: (1.0, 1.4, -0.1)
33.2: (1.0, 1.4, 0.0)
33.3: (1.0, 1.4, 0.0)
33.39999: (1.0, 1.4, 0.0)
33.49999: (1.0, 1.4, 0.0)
33.59999: (1.0, 1.4, 0.0)
33.69999: (1.0, 1.4, 0.0)
33.79999: (1.0, 1.4, 0.0)
33.89999: (1.0, 1.4, 0.0)
33.99998: (1.0, 1.4, 0.0)
34.09998: (1.0, 1.4, 0.0)
34.19998: (1.0, 1.4, 0.0)
34.29998: (1.0, 1.4, 0.0)
34.39998: (1.0, 1.4, 0.0)
34.49998: (1.0, 1.4, 0.0)
34.59998: (1.0, 1.4, 0.0)
34.69997: (1.0, 1.4, 0.0)
34.79997: (1.0, 1.4, 0.0)
34.89997: (1.0, 1.4, 0.0)
34.99997: (1.0, 1.4, 0.0)
35.09997: (1.0, 1.4, 0.0)
35.19997: (1.0, 1.4, 0.0)
35.29996: (1.0, 1.4, 0.0)
35.39996: (1.0, 1.4, 0.0)
35.49996: (1.0, 1.4, 0.0)
35.59996: (1.0, 1.4, 0.0)
35.69996: (1.0, 1.4, 0.0)
35.79996: (1.0, 1.4, 0.0)
leftForeArm
28: (0.7, 1.5, -0.3)
28.1: (0.7, 1.5, -0.3)
28.2: (0.7, 1.5, -0.3)
28.3: (0.7, 1.5, -0.4)
28.4: (0.7, 1.5, -0.4)
28.5: (0.7, 1.5, -0.4)
28.6: (0.7, 1.5, -0.4)
28.7: (0.7, 1.5, -0.5)
28.8: (0.7, 1.5, -0.5)
28.9: (0.7, 1.5, -0.5)
29: (0.7, 1.5, -0.5)
29.1: (0.7, 1.5, -0.6)
29.2: (0.7, 1.5, -0.6)
29.3: (0.7, 1.5, -0.6)
29.40001: (0.7, 1.5, -0.6)
29.50001: (0.7, 1.5, -0.6)
29.60001: (0.7, 1.5, -0.6)
29.70001: (0.7, 1.5, -0.6)
29.80001: (0.7, 1.5, -0.6)
29.90001: (0.7, 1.5, -0.6)
30.00001: (0.7, 1.5, -0.6)
30.10001: (0.7, 1.5, -0.6)
30.20001: (0.7, 1.5, -0.6)
30.30001: (0.7, 1.5, -0.6)
30.40001: (0.7, 1.5, -0.6)
30.50001: (0.7, 1.5, -0.6)
30.60001: (0.7, 1.5, -0.6)
30.70001: (0.7, 1.5, -0.6)
30.80001: (0.7, 1.5, -0.6)
30.90001: (0.7, 1.5, -0.6)
31.00001: (0.7, 1.5, -0.6)
31.10001: (0.7, 1.5, -0.6)
31.20001: (0.7, 1.5, -0.6)
31.30001: (0.7, 1.5, -0.6)
31.40001: (0.7, 1.5, -0.6)
31.50001: (0.7, 1.5, -0.6)
31.60001: (0.7, 1.5, -0.6)
31.70001: (0.7, 1.5, -0.5)
31.80001: (0.7, 1.5, -0.5)
31.90001: (0.7, 1.5, -0.5)
32.00002: (0.7, 1.5, -0.4)
32.10001: (0.8, 1.5, -0.4)
32.20001: (0.8, 1.4, -0.3)
32.30001: (0.8, 1.4, -0.3)
32.40001: (0.8, 1.4, -0.2)
32.50001: (0.8, 1.3, -0.2)
32.60001: (0.8, 1.3, -0.1)
32.7: (0.8, 1.3, -0.1)
32.8: (0.8, 1.2, 0.0)
32.9: (0.8, 1.2, 0.0)
33: (0.8, 1.2, 0.1)
33.1: (0.8, 1.2, 0.1)
33.2: (0.8, 1.2, 0.1)
33.3: (0.8, 1.2, 0.1)
33.39999: (0.8, 1.2, 0.1)
33.49999: (0.8, 1.2, 0.1)
33.59999: (0.8, 1.2, 0.1)
33.69999: (0.8, 1.2, 0.1)
33.79999: (0.8, 1.2, 0.1)
33.89999: (0.8, 1.2, 0.1)
33.99998: (0.8, 1.2, 0.1)
34.09998: (0.8, 1.2, 0.1)
34.19998: (0.8, 1.2, 0.1)
34.29998: (0.8, 1.2, 0.1)
34.39998: (0.8, 1.2, 0.1)
34.49998: (0.8, 1.2, 0.0)
34.59998: (0.8, 1.2, 0.0)
34.69997: (0.8, 1.2, 0.0)
34.79997: (0.8, 1.2, 0.0)
34.89997: (0.8, 1.2, 0.0)
34.99997: (0.8, 1.2, 0.0)
35.09997: (0.8, 1.2, 0.0)
35.19997: (0.8, 1.2, 0.0)
35.29996: (0.8, 1.2, 0.0)
35.39996: (0.8, 1.2, 0.0)
35.49996: (0.8, 1.2, 0.0)
35.59996: (0.8, 1.2, 0.0)
35.69996: (0.8, 1.2, 0.0)
35.79996: (0.8, 1.2, 0.0)
leftHand
28: (0.6, 1.5, -0.2)
28.1: (0.6, 1.5, -0.2)
28.2: (0.5, 1.5, -0.2)
28.3: (0.5, 1.5, -0.2)
28.4: (0.5, 1.5, -0.3)
28.5: (0.5, 1.5, -0.3)
28.6: (0.5, 1.5, -0.3)
28.7: (0.5, 1.5, -0.3)
28.8: (0.5, 1.5, -0.4)
28.9: (0.5, 1.5, -0.4)
29: (0.5, 1.5, -0.4)
29.1: (0.5, 1.5, -0.4)
29.2: (0.5, 1.5, -0.5)
29.3: (0.5, 1.5, -0.5)
29.40001: (0.5, 1.5, -0.5)
29.50001: (0.5, 1.5, -0.5)
29.60001: (0.5, 1.5, -0.5)
29.70001: (0.5, 1.5, -0.5)
29.80001: (0.5, 1.5, -0.5)
29.90001: (0.5, 1.5, -0.5)
30.00001: (0.5, 1.5, -0.5)
30.10001: (0.5, 1.5, -0.5)
30.20001: (0.5, 1.5, -0.5)
30.30001: (0.5, 1.5, -0.5)
30.40001: (0.5, 1.5, -0.5)
30.50001: (0.5, 1.5, -0.5)
30.60001: (0.5, 1.5, -0.5)
30.70001: (0.5, 1.5, -0.5)
30.80001: (0.5, 1.5, -0.5)
30.90001: (0.5, 1.5, -0.5)
31.00001: (0.5, 1.5, -0.5)
31.10001: (0.5, 1.5, -0.5)
31.20001: (0.5, 1.5, -0.5)
31.30001: (0.5, 1.5, -0.5)
31.40001: (0.5, 1.5, -0.5)
31.50001: (0.5, 1.5, -0.5)
31.60001: (0.5, 1.5, -0.4)
31.70001: (0.5, 1.5, -0.4)
31.80001: (0.6, 1.6, -0.4)
31.90001: (0.6, 1.6, -0.4)
32.00002: (0.6, 1.6, -0.3)
32.10001: (0.6, 1.6, -0.3)
32.20001: (0.6, 1.5, -0.2)
32.30001: (0.6, 1.5, -0.2)
32.40001: (0.6, 1.4, -0.1)
32.50001: (0.6, 1.3, 0.0)
32.60001: (0.6, 1.3, 0.0)
32.7: (0.7, 1.2, 0.1)
32.8: (0.7, 1.2, 0.2)
32.9: (0.7, 1.2, 0.2)
33: (0.7, 1.1, 0.3)
33.1: (0.7, 1.1, 0.3)
33.2: (0.8, 1.1, 0.3)
33.3: (0.8, 1.1, 0.3)
33.39999: (0.8, 1.1, 0.3)
33.49999: (0.8, 1.1, 0.3)
33.59999: (0.9, 1.1, 0.3)
33.69999: (0.9, 1.1, 0.2)
33.79999: (0.9, 1.1, 0.2)
33.89999: (0.9, 1.1, 0.2)
33.99998: (0.9, 1.1, 0.2)
34.09998: (0.9, 1.1, 0.2)
34.19998: (0.9, 1.1, 0.2)
34.29998: (0.9, 1.1, 0.2)
34.39998: (0.9, 1.1, 0.2)
34.49998: (0.9, 1.1, 0.1)
34.59998: (0.9, 1.1, 0.1)
34.69997: (0.9, 1.1, 0.1)
34.79997: (1.0, 1.1, 0.1)
34.89997: (1.0, 1.1, 0.1)
34.99997: (1.0, 1.1, 0.1)
35.09997: (1.0, 1.1, 0.1)
35.19997: (1.0, 1.1, 0.1)
35.29996: (1.0, 1.1, 0.1)
35.39996: (1.0, 1.1, 0.1)
35.49996: (1.0, 1.1, 0.1)
35.59996: (1.0, 1.1, 0.1)
35.69996: (1.0, 1.1, 0.1)
35.79996: (1.0, 1.1, 0.1)
neck
28: (1.2, 1.4, -0.3)
28.1: (1.2, 1.4, -0.3)
28.2: (1.2, 1.4, -0.3)
28.3: (1.2, 1.4, -0.3)
28.4: (1.2, 1.4, -0.4)
28.5: (1.2, 1.4, -0.4)
28.6: (1.2, 1.4, -0.4)
28.7: (1.2, 1.4, -0.4)
28.8: (1.2, 1.4, -0.5)
28.9: (1.2, 1.4, -0.5)
29: (1.2, 1.4, -0.5)
29.1: (1.2, 1.4, -0.5)
29.2: (1.2, 1.4, -0.6)
29.3: (1.2, 1.4, -0.6)
29.40001: (1.2, 1.4, -0.6)
29.50001: (1.2, 1.4, -0.6)
29.60001: (1.2, 1.4, -0.6)
29.70001: (1.2, 1.4, -0.6)
29.80001: (1.2, 1.4, -0.6)
29.90001: (1.2, 1.4, -0.6)
30.00001: (1.2, 1.4, -0.6)
30.10001: (1.2, 1.4, -0.6)
30.20001: (1.2, 1.4, -0.5)
30.30001: (1.2, 1.4, -0.5)
30.40001: (1.2, 1.4, -0.5)
30.50001: (1.2, 1.4, -0.5)
30.60001: (1.2, 1.4, -0.5)
30.70001: (1.2, 1.4, -0.5)
30.80001: (1.2, 1.4, -0.5)
30.90001: (1.2, 1.4, -0.5)
31.00001: (1.2, 1.4, -0.5)
31.10001: (1.2, 1.4, -0.5)
31.20001: (1.2, 1.4, -0.5)
31.30001: (1.2, 1.4, -0.5)
31.40001: (1.2, 1.4, -0.5)
31.50001: (1.2, 1.4, -0.5)
31.60001: (1.2, 1.4, -0.5)
31.70001: (1.2, 1.4, -0.5)
31.80001: (1.2, 1.4, -0.5)
31.90001: (1.2, 1.4, -0.5)
32.00002: (1.2, 1.4, -0.5)
32.10001: (1.2, 1.4, -0.5)
32.20001: (1.2, 1.4, -0.5)
32.30001: (1.2, 1.4, -0.5)
32.40001: (1.2, 1.4, -0.4)
32.50001: (1.2, 1.4, -0.4)
32.60001: (1.2, 1.4, -0.4)
32.7: (1.2, 1.4, -0.3)
32.8: (1.2, 1.4, -0.3)
32.9: (1.2, 1.4, -0.2)
33: (1.2, 1.4, -0.2)
33.1: (1.2, 1.4, -0.2)
33.2: (1.2, 1.4, -0.1)
33.3: (1.1, 1.4, -0.1)
33.39999: (1.1, 1.4, -0.1)
33.49999: (1.1, 1.4, -0.1)
33.59999: (1.1, 1.4, -0.1)
33.69999: (1.1, 1.4, -0.1)
33.79999: (1.2, 1.4, -0.1)
33.89999: (1.2, 1.4, -0.1)
33.99998: (1.2, 1.4, -0.1)
34.09998: (1.2, 1.4, -0.1)
34.19998: (1.2, 1.4, -0.1)
34.29998: (1.2, 1.4, -0.1)
34.39998: (1.2, 1.4, -0.1)
34.49998: (1.2, 1.4, -0.1)
34.59998: (1.2, 1.4, -0.1)
34.69997: (1.2, 1.4, -0.1)
34.79997: (1.2, 1.4, -0.1)
34.89997: (1.2, 1.4, -0.1)
34.99997: (1.2, 1.4, -0.1)
35.09997: (1.2, 1.4, -0.1)
35.19997: (1.2, 1.4, -0.1)
35.29996: (1.2, 1.4, -0.1)
35.39996: (1.2, 1.4, -0.1)
35.49996: (1.2, 1.4, -0.1)
35.59996: (1.2, 1.4, -0.1)
35.69996: (1.2, 1.4, -0.1)
35.79996: (1.2, 1.4, -0.1)
neck1
28: (1.2, 1.5, -0.3)
28.1: (1.2, 1.5, -0.3)
28.2: (1.2, 1.5, -0.3)
28.3: (1.2, 1.5, -0.3)
28.4: (1.2, 1.5, -0.4)
28.5: (1.2, 1.5, -0.4)
28.6: (1.2, 1.5, -0.4)
28.7: (1.2, 1.5, -0.4)
28.8: (1.2, 1.5, -0.5)
28.9: (1.2, 1.5, -0.5)
29: (1.2, 1.5, -0.5)
29.1: (1.2, 1.5, -0.5)
29.2: (1.2, 1.5, -0.6)
29.3: (1.2, 1.5, -0.6)
29.40001: (1.2, 1.5, -0.6)
29.50001: (1.2, 1.5, -0.6)
29.60001: (1.2, 1.5, -0.6)
29.70001: (1.2, 1.5, -0.6)
29.80001: (1.2, 1.5, -0.6)
29.90001: (1.2, 1.5, -0.6)
30.00001: (1.2, 1.5, -0.6)
30.10001: (1.2, 1.5, -0.6)
30.20001: (1.2, 1.5, -0.5)
30.30001: (1.2, 1.5, -0.5)
30.40001: (1.2, 1.5, -0.5)
30.50001: (1.2, 1.5, -0.5)
30.60001: (1.2, 1.5, -0.5)
30.70001: (1.2, 1.5, -0.5)
30.80001: (1.2, 1.5, -0.5)
30.90001: (1.2, 1.5, -0.5)
31.00001: (1.2, 1.5, -0.5)
31.10001: (1.2, 1.5, -0.5)
31.20001: (1.2, 1.5, -0.5)
31.30001: (1.2, 1.5, -0.5)
31.40001: (1.2, 1.5, -0.5)
31.50001: (1.2, 1.5, -0.5)
31.60001: (1.2, 1.5, -0.5)
31.70001: (1.2, 1.5, -0.5)
31.80001: (1.2, 1.5, -0.5)
31.90001: (1.2, 1.5, -0.5)
32.00002: (1.2, 1.5, -0.5)
32.10001: (1.2, 1.5, -0.5)
32.20001: (1.2, 1.5, -0.5)
32.30001: (1.2, 1.4, -0.4)
32.40001: (1.2, 1.4, -0.4)
32.50001: (1.2, 1.4, -0.4)
32.60001: (1.2, 1.4, -0.4)
32.7: (1.2, 1.4, -0.3)
32.8: (1.2, 1.5, -0.3)
32.9: (1.2, 1.5, -0.2)
33: (1.2, 1.5, -0.2)
33.1: (1.2, 1.5, -0.2)
33.2: (1.2, 1.5, -0.1)
33.3: (1.2, 1.5, -0.1)
33.39999: (1.2, 1.5, -0.1)
33.49999: (1.2, 1.5, -0.1)
33.59999: (1.2, 1.5, -0.1)
33.69999: (1.2, 1.5, -0.1)
33.79999: (1.2, 1.5, -0.1)
33.89999: (1.2, 1.5, -0.1)
33.99998: (1.2, 1.5, -0.1)
34.09998: (1.2, 1.5, -0.1)
34.19998: (1.2, 1.5, -0.1)
34.29998: (1.2, 1.5, -0.1)
34.39998: (1.2, 1.5, -0.1)
34.49998: (1.2, 1.5, -0.1)
34.59998: (1.2, 1.5, -0.1)
34.69997: (1.2, 1.5, -0.1)
34.79997: (1.2, 1.5, -0.1)
34.89997: (1.2, 1.5, -0.1)
34.99997: (1.2, 1.5, -0.1)
35.09997: (1.2, 1.5, -0.1)
35.19997: (1.2, 1.5, -0.1)
35.29996: (1.2, 1.5, -0.1)
35.39996: (1.2, 1.5, -0.1)
35.49996: (1.2, 1.5, -0.1)
35.59996: (1.2, 1.5, -0.1)
35.69996: (1.2, 1.5, -0.1)
35.79996: (1.2, 1.5, -0.1)
head
28: (1.2, 1.5, -0.3)
28.1: (1.2, 1.5, -0.3)
28.2: (1.2, 1.5, -0.3)
28.3: (1.2, 1.5, -0.3)
28.4: (1.2, 1.5, -0.3)
28.5: (1.2, 1.5, -0.4)
28.6: (1.2, 1.5, -0.4)
28.7: (1.2, 1.5, -0.4)
28.8: (1.2, 1.5, -0.4)
28.9: (1.2, 1.5, -0.5)
29: (1.2, 1.5, -0.5)
29.1: (1.2, 1.5, -0.5)
29.2: (1.2, 1.5, -0.5)
29.3: (1.2, 1.5, -0.6)
29.40001: (1.2, 1.5, -0.6)
29.50001: (1.2, 1.5, -0.6)
29.60001: (1.2, 1.5, -0.6)
29.70001: (1.2, 1.5, -0.6)
29.80001: (1.2, 1.5, -0.6)
29.90001: (1.2, 1.5, -0.6)
30.00001: (1.2, 1.5, -0.6)
30.10001: (1.2, 1.5, -0.5)
30.20001: (1.2, 1.5, -0.5)
30.30001: (1.2, 1.5, -0.5)
30.40001: (1.2, 1.5, -0.5)
30.50001: (1.2, 1.5, -0.5)
30.60001: (1.2, 1.5, -0.5)
30.70001: (1.2, 1.5, -0.5)
30.80001: (1.2, 1.5, -0.5)
30.90001: (1.2, 1.5, -0.5)
31.00001: (1.2, 1.5, -0.5)
31.10001: (1.2, 1.5, -0.5)
31.20001: (1.2, 1.5, -0.5)
31.30001: (1.2, 1.5, -0.5)
31.40001: (1.2, 1.5, -0.5)
31.50001: (1.2, 1.5, -0.5)
31.60001: (1.2, 1.5, -0.5)
31.70001: (1.2, 1.5, -0.5)
31.80001: (1.2, 1.5, -0.5)
31.90001: (1.2, 1.5, -0.5)
32.00002: (1.2, 1.5, -0.5)
32.10001: (1.2, 1.5, -0.5)
32.20001: (1.2, 1.5, -0.4)
32.30001: (1.2, 1.5, -0.4)
32.40001: (1.2, 1.5, -0.4)
32.50001: (1.2, 1.5, -0.4)
32.60001: (1.2, 1.5, -0.3)
32.7: (1.2, 1.5, -0.3)
32.8: (1.2, 1.5, -0.2)
32.9: (1.2, 1.5, -0.2)
33: (1.2, 1.5, -0.2)
33.1: (1.2, 1.5, -0.1)
33.2: (1.2, 1.5, -0.1)
33.3: (1.2, 1.5, -0.1)
33.39999: (1.2, 1.5, -0.1)
33.49999: (1.2, 1.5, -0.1)
33.59999: (1.2, 1.5, -0.1)
33.69999: (1.2, 1.5, -0.1)
33.79999: (1.2, 1.5, -0.1)
33.89999: (1.2, 1.5, -0.1)
33.99998: (1.2, 1.5, -0.1)
34.09998: (1.2, 1.5, -0.1)
34.19998: (1.2, 1.5, -0.1)
34.29998: (1.2, 1.5, -0.1)
34.39998: (1.2, 1.5, -0.1)
34.49998: (1.2, 1.5, -0.1)
34.59998: (1.2, 1.5, -0.1)
34.69997: (1.2, 1.5, -0.1)
34.79997: (1.2, 1.5, -0.1)
34.89997: (1.2, 1.5, -0.1)
34.99997: (1.2, 1.5, -0.1)
35.09997: (1.2, 1.5, -0.1)
35.19997: (1.2, 1.5, -0.1)
35.29996: (1.2, 1.5, -0.1)
35.39996: (1.2, 1.5, -0.1)
35.49996: (1.2, 1.5, -0.1)
35.59996: (1.2, 1.5, -0.1)
35.69996: (1.2, 1.5, -0.1)
35.79996: (1.2, 1.5, -0.1)
rightShoulder
28: (1.2, 1.4, -0.3)
28.1: (1.2, 1.4, -0.3)
28.2: (1.2, 1.4, -0.3)
28.3: (1.2, 1.4, -0.3)
28.4: (1.2, 1.4, -0.3)
28.5: (1.2, 1.4, -0.3)
28.6: (1.2, 1.4, -0.4)
28.7: (1.2, 1.4, -0.4)
28.8: (1.2, 1.4, -0.4)
28.9: (1.2, 1.4, -0.5)
29: (1.2, 1.4, -0.5)
29.1: (1.2, 1.4, -0.5)
29.2: (1.2, 1.4, -0.5)
29.3: (1.2, 1.4, -0.5)
29.40001: (1.2, 1.4, -0.5)
29.50001: (1.2, 1.4, -0.6)
29.60001: (1.2, 1.4, -0.5)
29.70001: (1.2, 1.4, -0.5)
29.80001: (1.2, 1.4, -0.5)
29.90001: (1.2, 1.4, -0.5)
30.00001: (1.2, 1.4, -0.5)
30.10001: (1.2, 1.4, -0.5)
30.20001: (1.2, 1.4, -0.5)
30.30001: (1.2, 1.4, -0.5)
30.40001: (1.2, 1.4, -0.5)
30.50001: (1.2, 1.4, -0.5)
30.60001: (1.2, 1.4, -0.5)
30.70001: (1.2, 1.4, -0.5)
30.80001: (1.2, 1.4, -0.5)
30.90001: (1.2, 1.4, -0.5)
31.00001: (1.2, 1.4, -0.5)
31.10001: (1.2, 1.4, -0.5)
31.20001: (1.2, 1.4, -0.5)
31.30001: (1.2, 1.4, -0.5)
31.40001: (1.2, 1.4, -0.5)
31.50001: (1.2, 1.4, -0.5)
31.60001: (1.2, 1.4, -0.5)
31.70001: (1.2, 1.4, -0.5)
31.80001: (1.2, 1.4, -0.5)
31.90001: (1.2, 1.4, -0.5)
32.00002: (1.2, 1.4, -0.5)
32.10001: (1.2, 1.4, -0.4)
32.20001: (1.2, 1.4, -0.4)
32.30001: (1.2, 1.4, -0.4)
32.40001: (1.2, 1.4, -0.4)
32.50001: (1.2, 1.4, -0.4)
32.60001: (1.2, 1.4, -0.3)
32.7: (1.2, 1.4, -0.3)
32.8: (1.2, 1.4, -0.2)
32.9: (1.2, 1.4, -0.2)
33: (1.2, 1.4, -0.2)
33.1: (1.2, 1.4, -0.1)
33.2: (1.2, 1.4, -0.1)
33.3: (1.2, 1.4, -0.1)
33.39999: (1.2, 1.4, -0.1)
33.49999: (1.2, 1.4, -0.1)
33.59999: (1.2, 1.4, -0.1)
33.69999: (1.2, 1.4, -0.1)
33.79999: (1.2, 1.4, -0.1)
33.89999: (1.2, 1.4, -0.1)
33.99998: (1.2, 1.4, -0.1)
34.09998: (1.2, 1.4, -0.1)
34.19998: (1.2, 1.4, -0.1)
34.29998: (1.2, 1.4, -0.1)
34.39998: (1.2, 1.4, -0.1)
34.49998: (1.2, 1.4, -0.1)
34.59998: (1.2, 1.4, -0.1)
34.69997: (1.2, 1.4, -0.1)
34.79997: (1.2, 1.4, -0.1)
34.89997: (1.2, 1.4, -0.1)
34.99997: (1.2, 1.4, -0.1)
35.09997: (1.2, 1.4, -0.1)
35.19997: (1.2, 1.4, -0.1)
35.29996: (1.2, 1.4, -0.1)
35.39996: (1.2, 1.4, -0.1)
35.49996: (1.2, 1.4, -0.1)
35.59996: (1.2, 1.4, -0.1)
35.69996: (1.2, 1.4, -0.1)
35.79996: (1.2, 1.4, -0.1)
rightArm
28: (1.4, 1.4, -0.3)
28.1: (1.4, 1.4, -0.3)
28.2: (1.4, 1.4, -0.3)
28.3: (1.4, 1.4, -0.3)
28.4: (1.4, 1.4, -0.4)
28.5: (1.4, 1.4, -0.4)
28.6: (1.3, 1.4, -0.4)
28.7: (1.3, 1.4, -0.4)
28.8: (1.3, 1.4, -0.5)
28.9: (1.3, 1.4, -0.5)
29: (1.3, 1.4, -0.5)
29.1: (1.3, 1.4, -0.5)
29.2: (1.3, 1.4, -0.6)
29.3: (1.3, 1.4, -0.6)
29.40001: (1.3, 1.4, -0.6)
29.50001: (1.3, 1.4, -0.6)
29.60001: (1.3, 1.4, -0.6)
29.70001: (1.3, 1.4, -0.6)
29.80001: (1.3, 1.4, -0.6)
29.90001: (1.3, 1.4, -0.6)
30.00001: (1.3, 1.4, -0.6)
30.10001: (1.3, 1.4, -0.6)
30.20001: (1.3, 1.4, -0.5)
30.30001: (1.4, 1.4, -0.5)
30.40001: (1.4, 1.4, -0.5)
30.50001: (1.4, 1.4, -0.5)
30.60001: (1.4, 1.4, -0.5)
30.70001: (1.4, 1.4, -0.5)
30.80001: (1.4, 1.4, -0.5)
30.90001: (1.4, 1.4, -0.5)
31.00001: (1.4, 1.4, -0.5)
31.10001: (1.4, 1.4, -0.5)
31.20001: (1.3, 1.4, -0.5)
31.30001: (1.3, 1.4, -0.5)
31.40001: (1.3, 1.4, -0.5)
31.50001: (1.3, 1.4, -0.5)
31.60001: (1.3, 1.4, -0.5)
31.70001: (1.4, 1.4, -0.5)
31.80001: (1.4, 1.4, -0.5)
31.90001: (1.4, 1.4, -0.5)
32.00002: (1.4, 1.4, -0.5)
32.10001: (1.4, 1.4, -0.5)
32.20001: (1.4, 1.4, -0.5)
32.30001: (1.4, 1.4, -0.5)
32.40001: (1.4, 1.4, -0.5)
32.50001: (1.4, 1.4, -0.5)
32.60001: (1.3, 1.4, -0.5)
32.7: (1.3, 1.4, -0.4)
32.8: (1.3, 1.4, -0.4)
32.9: (1.3, 1.4, -0.3)
33: (1.3, 1.4, -0.3)
33.1: (1.3, 1.4, -0.3)
33.2: (1.3, 1.4, -0.2)
33.3: (1.3, 1.4, -0.2)
33.39999: (1.3, 1.4, -0.2)
33.49999: (1.3, 1.4, -0.2)
33.59999: (1.3, 1.4, -0.2)
33.69999: (1.3, 1.4, -0.2)
33.79999: (1.3, 1.4, -0.2)
33.89999: (1.3, 1.4, -0.2)
33.99998: (1.3, 1.4, -0.2)
34.09998: (1.3, 1.4, -0.2)
34.19998: (1.3, 1.4, -0.2)
34.29998: (1.3, 1.4, -0.2)
34.39998: (1.3, 1.4, -0.2)
34.49998: (1.3, 1.4, -0.2)
34.59998: (1.3, 1.4, -0.2)
34.69997: (1.3, 1.4, -0.2)
34.79997: (1.3, 1.4, -0.2)
34.89997: (1.3, 1.4, -0.2)
34.99997: (1.3, 1.4, -0.2)
35.09997: (1.3, 1.4, -0.2)
35.19997: (1.3, 1.4, -0.2)
35.29996: (1.3, 1.4, -0.2)
35.39996: (1.3, 1.4, -0.2)
35.49996: (1.3, 1.4, -0.2)
35.59996: (1.3, 1.4, -0.2)
35.69996: (1.3, 1.4, -0.2)
35.79996: (1.3, 1.4, -0.2)
rightForeArm
28: (1.6, 1.4, -0.2)
28.1: (1.6, 1.4, -0.3)
28.2: (1.6, 1.4, -0.3)
28.3: (1.6, 1.4, -0.3)
28.4: (1.6, 1.4, -0.3)
28.5: (1.6, 1.4, -0.3)
28.6: (1.6, 1.4, -0.4)
28.7: (1.6, 1.4, -0.4)
28.8: (1.6, 1.4, -0.4)
28.9: (1.6, 1.4, -0.5)
29: (1.6, 1.4, -0.5)
29.1: (1.6, 1.4, -0.5)
29.2: (1.6, 1.4, -0.5)
29.3: (1.6, 1.4, -0.6)
29.40001: (1.6, 1.4, -0.6)
29.50001: (1.6, 1.4, -0.6)
29.60001: (1.6, 1.4, -0.6)
29.70001: (1.6, 1.4, -0.6)
29.80001: (1.6, 1.4, -0.6)
29.90001: (1.6, 1.4, -0.6)
30.00001: (1.6, 1.4, -0.6)
30.10001: (1.6, 1.4, -0.6)
30.20001: (1.6, 1.4, -0.6)
30.30001: (1.6, 1.4, -0.6)
30.40001: (1.6, 1.4, -0.5)
30.50001: (1.6, 1.4, -0.5)
30.60001: (1.6, 1.4, -0.5)
30.70001: (1.6, 1.4, -0.5)
30.80001: (1.6, 1.4, -0.5)
30.90001: (1.6, 1.4, -0.5)
31.00001: (1.6, 1.4, -0.5)
31.10001: (1.6, 1.4, -0.5)
31.20001: (1.6, 1.4, -0.5)
31.30001: (1.6, 1.4, -0.5)
31.40001: (1.6, 1.4, -0.5)
31.50001: (1.6, 1.4, -0.5)
31.60001: (1.6, 1.4, -0.5)
31.70001: (1.6, 1.3, -0.5)
31.80001: (1.6, 1.3, -0.5)
31.90001: (1.6, 1.2, -0.5)
32.00002: (1.6, 1.2, -0.5)
32.10001: (1.5, 1.1, -0.5)
32.20001: (1.5, 1.1, -0.5)
32.30001: (1.5, 1.1, -0.5)
32.40001: (1.5, 1.1, -0.5)
32.50001: (1.5, 1.1, -0.5)
32.60001: (1.5, 1.1, -0.5)
32.7: (1.5, 1.2, -0.5)
32.8: (1.5, 1.2, -0.5)
32.9: (1.5, 1.3, -0.4)
33: (1.6, 1.3, -0.4)
33.1: (1.6, 1.3, -0.4)
33.2: (1.6, 1.4, -0.3)
33.3: (1.6, 1.4, -0.3)
33.39999: (1.6, 1.4, -0.3)
33.49999: (1.6, 1.5, -0.2)
33.59999: (1.6, 1.5, -0.2)
33.69999: (1.6, 1.5, -0.2)
33.79999: (1.6, 1.5, -0.2)
33.89999: (1.6, 1.5, -0.2)
33.99998: (1.6, 1.5, -0.2)
34.09998: (1.5, 1.5, -0.2)
34.19998: (1.5, 1.5, -0.2)
34.29998: (1.5, 1.5, -0.2)
34.39998: (1.5, 1.5, -0.2)
34.49998: (1.5, 1.5, -0.2)
34.59998: (1.5, 1.5, -0.2)
34.69997: (1.5, 1.5, -0.2)
34.79997: (1.5, 1.5, -0.2)
34.89997: (1.5, 1.6, -0.2)
34.99997: (1.5, 1.6, -0.2)
35.09997: (1.5, 1.6, -0.2)
35.19997: (1.5, 1.6, -0.2)
35.29996: (1.5, 1.6, -0.2)
35.39996: (1.5, 1.5, -0.2)
35.49996: (1.6, 1.5, -0.2)
35.59996: (1.6, 1.5, -0.2)
35.69996: (1.6, 1.5, -0.1)
35.79996: (1.6, 1.5, -0.1)
rightHand
28: (1.8, 1.4, -0.1)
28.1: (1.8, 1.4, -0.1)
28.2: (1.8, 1.4, -0.1)
28.3: (1.8, 1.4, -0.1)
28.4: (1.8, 1.4, -0.2)
28.5: (1.8, 1.4, -0.2)
28.6: (1.8, 1.4, -0.2)
28.7: (1.8, 1.4, -0.2)
28.8: (1.8, 1.4, -0.3)
28.9: (1.8, 1.4, -0.3)
29: (1.8, 1.4, -0.3)
29.1: (1.8, 1.4, -0.4)
29.2: (1.8, 1.4, -0.4)
29.3: (1.8, 1.4, -0.4)
29.40001: (1.8, 1.4, -0.4)
29.50001: (1.8, 1.4, -0.4)
29.60001: (1.8, 1.4, -0.4)
29.70001: (1.8, 1.4, -0.4)
29.80001: (1.8, 1.4, -0.4)
29.90001: (1.8, 1.4, -0.4)
30.00001: (1.8, 1.4, -0.4)
30.10001: (1.8, 1.4, -0.4)
30.20001: (1.8, 1.4, -0.4)
30.30001: (1.8, 1.4, -0.4)
30.40001: (1.8, 1.4, -0.4)
30.50001: (1.8, 1.4, -0.4)
30.60001: (1.8, 1.4, -0.4)
30.70001: (1.8, 1.4, -0.4)
30.80001: (1.8, 1.4, -0.4)
30.90001: (1.8, 1.4, -0.4)
31.00001: (1.8, 1.4, -0.4)
31.10001: (1.8, 1.4, -0.4)
31.20001: (1.8, 1.4, -0.4)
31.30001: (1.8, 1.4, -0.4)
31.40001: (1.8, 1.4, -0.4)
31.50001: (1.8, 1.4, -0.4)
31.60001: (1.8, 1.3, -0.4)
31.70001: (1.8, 1.3, -0.4)
31.80001: (1.8, 1.2, -0.3)
31.90001: (1.7, 1.1, -0.4)
32.00002: (1.7, 1.0, -0.4)
32.10001: (1.6, 1.0, -0.4)
32.20001: (1.6, 0.9, -0.5)
32.30001: (1.6, 0.9, -0.5)
32.40001: (1.5, 0.9, -0.5)
32.50001: (1.6, 0.9, -0.6)
32.60001: (1.6, 0.9, -0.6)
32.7: (1.6, 1.0, -0.6)
32.8: (1.7, 1.1, -0.6)
32.9: (1.7, 1.1, -0.5)
33: (1.7, 1.2, -0.5)
33.1: (1.8, 1.3, -0.4)
33.2: (1.8, 1.4, -0.4)
33.3: (1.8, 1.4, -0.3)
33.39999: (1.8, 1.5, -0.3)
33.49999: (1.8, 1.5, -0.2)
33.59999: (1.8, 1.5, -0.2)
33.69999: (1.8, 1.5, -0.2)
33.79999: (1.8, 1.6, -0.2)
33.89999: (1.8, 1.6, -0.1)
33.99998: (1.7, 1.6, -0.1)
34.09998: (1.7, 1.6, -0.1)
34.19998: (1.7, 1.6, -0.1)
34.29998: (1.7, 1.6, -0.1)
34.39998: (1.7, 1.7, -0.1)
34.49998: (1.7, 1.7, -0.1)
34.59998: (1.7, 1.7, 0.0)
34.69997: (1.7, 1.7, 0.0)
34.79997: (1.7, 1.7, 0.0)
34.89997: (1.7, 1.7, 0.0)
34.99997: (1.7, 1.7, 0.0)
35.09997: (1.7, 1.7, 0.0)
35.19997: (1.7, 1.7, 0.0)
35.29996: (1.7, 1.7, 0.0)
35.39996: (1.7, 1.7, 0.0)
35.49996: (1.7, 1.7, 0.0)
35.59996: (1.7, 1.7, 0.0)
35.69996: (1.7, 1.7, 0.0)
35.79996: (1.7, 1.6, 0.0)
